,Unnamed: 0,Track ID,TimeStamp,Type,X,Y,dx,dy,vx,vy,vy_smooth,dy_smooth,y_smooth,vx_smooth,dx_smooth,x_smooth,speed,time_diff,is_stopped,stop_duration
1705,1707,191,52.08, Car,778902.16,1435732.49,,,,,-0.2500000002328306,-0.0400000000372528,1435732.49,-0.1875000001746229,-0.0300000000279396,778902.16,0.3125000002910382,,False,
1706,1708,191,52.24, Car,778902.13,1435732.45,-0.0300000000279396,-0.0400000000372529,-0.1875000001746229,-0.2500000002328306,-0.2500000002328306,-0.0400000000372528,1435732.45,-0.1875000001746229,-0.0300000000279396,778902.13,0.3125000002910382,0.1600000000000037,False,0.1600000000000037
1707,1709,191,52.4, Car,778902.1,1435732.41,-0.0300000000279396,-0.0400000000372529,-0.1875000001746229,-0.2500000002328306,-0.2500000002328306,-0.0400000000372528,1435732.41,-0.1875000001746229,-0.0300000000279396,778902.1,0.3125000002910382,0.1599999999999966,False,0.3200000000000003
1708,1710,191,52.56, Car,778902.07,1435732.37,-0.0300000000279396,-0.0399999998044222,-0.1875000001746229,-0.2499999987776391,-0.2499999993233586,-0.0399999998917373,1435732.37,-0.1875000001746229,-0.0300000000279396,778902.07,0.3124999995634606,0.1600000000000037,False,0.480000000000004
1709,1711,191,52.72, Car,778902.03,1435732.34,-0.0399999999208375,-0.0300000000279396,-0.2499999995052348,-0.1875000001746229,-0.2113096651541236,-0.0338095464246597,1435732.3361904535,-0.2261903344564474,-0.0361904535130315,778902.0338095464,0.3095381107215513,0.1599999999999966,False,0.6400000000000006
1710,1712,191,52.88, Car,778901.99,1435732.3,-0.0400000000372529,-0.0400000000372529,-0.2500000002328306,-0.2500000002328306,-0.2352273140696125,-0.037636370251138,1435732.2985540836,-0.2409090290781455,-0.0385454446525032,778901.9952641018,0.3367032069579659,0.1600000000000037,False,0.8000000000000043
1711,1713,191,53.04, Car,778901.94,1435732.27,-0.0500000000465661,-0.0300000000279396,-0.3125000002910383,-0.1875000001746229,-0.2057291848630165,-0.0329166695780826,1435732.265637414,-0.2851562231169724,-0.0456249956987155,778901.949639106,0.3516227653135356,0.1599999999999966,False,0.9600000000000009
1712,1714,191,53.2, Car,778901.88,1435732.23,-0.059999999939464,-0.0400000000372529,-0.3749999996216502,-0.2500000002328306,-0.2330901924596403,-0.0372944307935424,1435732.2283429832,-0.3406830127394193,-0.0545092820383071,778901.895129824,0.4127904468251167,0.1600000000000037,False,1.1200000000000045
1713,1715,191,53.36, Car,778901.82,1435732.2,-0.0600000000558793,-0.0300000000279396,-0.3750000003492459,-0.1875000001746229,-0.2049138831914087,-0.0327862213106254,1435732.195556762,-0.3618920931925919,-0.0579027349108147,778901.8372270891,0.4158792933531289,0.1599999999999966,False,1.2800000000000011
1714,1716,191,53.52, Car,778901.77,1435732.17,-0.0499999999301508,-0.0300000000279396,-0.3124999995634425,-0.1875000001746229,-0.1941515104471832,-0.0310642416715493,1435732.1644925205,-0.331366097253479,-0.0530185755605566,778901.7842085136,0.3840550734177649,0.1600000000000037,False,1.4400000000000048
1715,1717,191,53.68, Car,778901.72,1435732.13,-0.0500000000465661,-0.0400000000372529,-0.3125000002910383,-0.2500000002328306,-0.2286677758995925,-0.0365868441439348,1435732.127905676,-0.3197062079116933,-0.0511529932658709,778901.7330555203,0.3930661663284454,0.1599999999999966,False,1.6000000000000014
1716,1718,191,53.84, Car,778901.68,1435732.1,-0.0399999999208375,-0.029999999795109,-0.2499999995052348,-0.1874999987194314,-0.2032246903024087,-0.0325159504483853,1435732.0953897256,-0.2766254017904598,-0.0442600642864735,778901.6887954561,0.3432519303139361,0.1600000000000037,False,1.7600000000000051
1717,1719,191,54.0, Car,778901.64,1435732.07,-0.0400000000372529,-0.0300000000279396,-0.2500000002328306,-0.1875000001746229,-0.1935062973376136,-0.0309610075740181,1435732.064428718,-0.2601699986582046,-0.0416271997853127,778901.6471682563,0.3242423712458369,0.1599999999999966,False,1.9200000000000017
1718,1720,191,54.16, Car,778901.6,1435732.05,-0.0400000000372529,-0.0200000000186264,-0.2500000002328306,-0.1250000001164153,-0.1511670772094362,-0.0241867323535097,1435732.0402419858,-0.2538845939654826,-0.0406215350344772,778901.6065467213,0.2954807477401219,0.1599999999999966,False,2.0799999999999983
1719,1721,191,54.32, Car,778901.56,1435732.03,-0.0399999999208375,-0.0200000000186264,-0.2499999995052348,-0.1250000001164153,-0.1349949341795948,-0.0215991894687351,1435732.0186427964,-0.2514837825565227,-0.0402374052090436,778901.5663093161,0.2854255159285685,0.1600000000000037,False,2.240000000000002
1720,1722,191,54.48, Car,778901.51,1435732.01,-0.0500000000465661,-0.0200000000186264,-0.3125000002910383,-0.1250000001164153,-0.1288177252132293,-0.0206108360341167,1435731.9980319603,-0.2891938789814568,-0.046271020637033,778901.5200382954,0.3165866484383897,0.1599999999999966,False,2.3999999999999986
1721,1723,191,54.64, Car,778901.43,1435731.98,-0.0799999999580904,-0.0300000000279396,-0.4999999997380655,-0.1875000001746229,-0.165085365676543,-0.0264136585082468,1435731.971618302,-0.4194792266455755,-0.067116676263292,778901.4529216192,0.4507948530625966,0.1600000000000037,False,2.5600000000000023
1722,1724,191,54.8, Car,778901.33,1435731.95,-0.1000000000931322,-0.0300000000279396,-0.6250000005820766,-0.1875000001746229,-0.1789383716417626,-0.028630139462682,1435731.9429881624,-0.5464980503325195,-0.0874396880532031,778901.3654819311,0.5750470066551521,0.1599999999999966,False,2.719999999999999
1723,1725,191,54.96, Car,778901.25,1435731.93,-0.0799999999580904,-0.0200000000186264,-0.4999999997380655,-0.1250000001164153,-0.1456026247412783,-0.0232964199586045,1435731.9196917424,-0.5177606746545346,-0.0828417079447255,778901.2826402232,0.5378440671330942,0.1600000000000037,False,2.8800000000000026
1724,1726,191,55.12, Car,778901.19,1435731.92,-0.0600000000558793,-0.0100000000093132,-0.3750000003492459,-0.0625000000582076,-0.0942423781328146,-0.0150787805012503,1435731.904612962,-0.4295297256770123,-0.0687247561083219,778901.213915467,0.4397469852952921,0.1599999999999966,False,3.039999999999999
1725,1727,191,55.28, Car,778901.13,1435731.91,-0.059999999939464,-0.0100000000093132,-0.3749999996216502,-0.0625000000582076,-0.074624509598958,-0.0119399215358332,1435731.8926730405,-0.3958285015775778,-0.0633325602524124,778901.1505829068,0.4028014648608362,0.1600000000000037,False,3.200000000000003
1726,1728,191,55.44, Car,778901.07,1435731.9,-0.0600000000558793,-0.0100000000093132,-0.3750000003492459,-0.0625000000582076,-0.0671311506058519,-0.0107409840969363,1435731.8819320565,-0.3829557798837497,-0.0612729247813999,778901.089309982,0.388795216956223,0.1599999999999966,False,3.3599999999999994
1727,1729,191,55.6, Car,778901.02,1435731.9,-0.0499999999301508,0.0,-0.3124999995634425,0.0,-0.0256418178275473,-0.0041026908524075,1435731.8778293654,-0.3394117129419039,-0.0543058740707046,778901.035004108,0.340378926644495,0.1600000000000037,False,3.520000000000003
1728,1730,191,55.76, Car,778900.96,1435731.89,-0.0600000000558793,-0.0100000000093132,-0.3750000003492459,-0.0625000000582076,-0.0484214272096328,-0.0077474283535412,1435731.8700819372,-0.3614064841610411,-0.0578250374657665,778900.9771790705,0.3646358202462597,0.1599999999999966,False,3.6799999999999997
1729,1731,191,55.92, Car,778900.92,1435731.89,-0.0399999999208375,0.0,-0.2499999995052348,0.0,-0.0184953394103007,-0.0029592543056481,1435731.867122683,-0.2925534900766092,-0.0468085584122574,778900.9303705121,0.2931375481508755,0.1600000000000037,False,3.8400000000000034
1730,1732,191,56.08, Car,778900.86,1435731.88,-0.0600000000558793,-0.0100000000093132,-0.3750000003492459,-0.0625000000582076,-0.0456917153541121,-0.0073106744566579,1435731.8598120084,-0.343508235678916,-0.0549613177086265,778900.8754091944,0.3465337513594352,0.1599999999999966,False,4.0
1731,1733,191,56.24, Car,778900.78,1435731.88,-0.0799999999580904,0.0,-0.4999999997380655,0.0,-0.0174526822609854,-0.0027924291617576,1435731.8570195793,-0.4402254648268996,-0.0704360743723039,778900.80497312,0.4405712836762772,0.1600000000000037,False,4.160000000000004
1732,1734,191,56.4, Car,778900.68,1435731.87,-0.0999999999767169,-0.0099999997764825,-0.6249999998544808,-0.0624999986030161,-0.0452934548623289,-0.0072469527779726,1435731.8497726263,-0.5544224077294029,-0.0887075852367044,778900.7162655347,0.5562694520156882,0.1599999999999966,False,4.32
1733,1735,191,56.56, Car,778900.58,1435731.87,-0.1000000000931322,0.0,-0.6250000005820766,0.0,-0.0173005602895004,-0.00276808964632,1435731.8470045368,-0.5980417589565069,-0.0956866814330411,778900.6205788533,0.5982919478332659,0.1600000000000037,False,4.480000000000004
1734,1736,191,56.72, Car,778900.47,1435731.87,-0.1099999999860301,0.0,-0.6874999999126885,0.0,-0.0066082260061724,-0.0010573161609875,1435731.8459472207,-0.653329992441205,-0.1045327987905928,778900.5160460545,0.653363411643301,0.1599999999999966,False,4.640000000000001
1735,1737,191,56.88, Car,778900.36,1435731.87,-0.1099999999860301,0.0,-0.6874999999126885,0.0,-0.0025241177290169,-0.0004038588366427,1435731.845543362,-0.6744482184544197,-0.1079117149527071,778900.4081343396,0.6744529416843332,0.1600000000000037,False,4.800000000000004
1736,1738,191,57.04, Car,778900.25,1435731.88,-0.1099999999860301,0.0099999997764825,-0.6874999999126885,0.0624999986030161,0.0376629962526066,0.006026079400417,1435731.8515694414,-0.6825146630093655,-0.1092023460814984,778900.2989319935,0.683553045863678,0.1599999999999966,False,4.960000000000001
1737,1739,191,57.2, Car,778900.15,1435731.88,-0.0999999999767169,0.0,-0.6249999998544808,0.0,0.0143859844503358,0.0023017575120537,1435731.8538711988,-0.6469686463281455,-0.1035149834125032,778900.1954170101,0.6471285698223178,0.1600000000000037,False,5.1200000000000045
1738,1740,191,57.36, Car,778900.06,1435731.9,-0.0899999999674037,0.0200000000186264,-0.5624999997962732,0.1250000001164153,0.0827492057640862,0.0132398729222538,1435731.8671110717,-0.5947641517877476,-0.0951622642860396,778900.1002547458,0.6004929868919252,0.1599999999999966,False,5.280000000000001
1739,1741,191,57.52, Car,778899.98,1435731.91,-0.0800000000745058,0.0100000000093132,-0.5000000004656613,0.0625000000582076,0.0702345083926649,0.0112375213428263,1435731.8783485931,-0.5361966853556599,-0.0857914696569055,778900.0144632761,0.5407770072363985,0.1600000000000037,False,5.440000000000005
1740,1742,191,57.68, Car,778899.91,1435731.93,-0.0699999999487772,0.0200000000186264,-0.4374999996798578,0.1250000001164153,0.1040814436885437,0.0166530309901669,1435731.895001624,-0.4751987790310493,-0.0760318046449678,778899.9384314715,0.486463592176117,0.1599999999999966,False,5.600000000000001
1741,1743,191,57.84, Car,778899.84,1435731.95,-0.0700000000651925,0.0200000000186264,-0.4375000004074536,0.1250000001164153,0.1170098225565509,0.0187215716090481,1435731.9137231957,-0.4518996525073092,-0.0723039444011694,778899.8661275271,0.4668025219629199,0.1600000000000037,False,5.760000000000005
1742,1744,191,58.0, Car,778899.77,1435731.97,-0.0699999999487772,0.0200000000186264,-0.4374999996798578,0.1250000001164153,0.1219480238646938,0.019511683818351,1435731.9332348795,-0.4430001776337457,-0.0708800284213993,778899.7952474987,0.4594784847063399,0.1599999999999966,False,5.920000000000002
1743,1745,191,58.16, Car,778899.69,1435732.01,-0.0800000000745058,0.0400000000372529,-0.5000000004656613,0.2500000002328306,0.2010884975868006,0.0321741596138881,1435731.965409039,-0.4782280054965918,-0.0765164808794547,778899.7187310178,0.5187857063402623,0.1599999999999966,False,6.079999999999998
1744,1746,191,58.32, Car,778899.6,1435732.06,-0.0899999999674037,0.0500000000465661,-0.5624999997962732,0.3125000002910383,0.2699445929957204,0.0431911348793152,1435732.008600174,-0.5303109622735322,-0.0848497539637651,778899.6338812638,0.5950628538189096,0.1600000000000037,False,6.240000000000002
1745,1747,191,58.48, Car,778899.51,1435732.11,-0.0899999999674037,0.0500000000465661,-0.5624999997962732,0.3125000002910383,0.2962452811093221,0.0473992449774915,1435732.055999419,-0.5502048815277318,-0.0880327810444371,778899.5458484828,0.6248893327914045,0.1599999999999966,False,6.399999999999999
1746,1748,191,58.64, Car,778899.43,1435732.17,-0.0799999999580904,0.0599999998230487,-0.4999999997380655,0.3749999988940544,0.3449183734746924,0.0551869397559507,1435732.1111863586,-0.5191765581805474,-0.0830682493088875,778899.4627802335,0.6233080963092222,0.1600000000000037,False,6.560000000000002
1747,1749,191,58.8, Car,778899.34,1435732.22,-0.090000000083819,0.0500000000465661,-0.562500000523869,0.3125000002910383,0.324882716987216,0.0519812347179545,1435732.1631675933,-0.5459519180583665,-0.0873523068893386,778899.3754279265,0.6353048690421039,0.1599999999999966,False,6.719999999999999
1748,1750,191,58.96, Car,778899.25,1435732.29,-0.0899999999674037,0.0700000000651925,-0.5624999997962732,0.4375000004074536,0.3944840258616029,0.0631174441378564,1435732.2262850374,-0.5561791950210042,-0.0889886712033606,778899.2864392553,0.6818745805748958,0.1600000000000037,False,6.880000000000003
1749,1751,191,59.12, Car,778899.14,1435732.36,-0.1099999999860301,0.0700000000651925,-0.6874999999126885,0.4375000004074536,0.4210693601901389,0.0673710976304222,1435732.293656135,-0.6373399158740586,-0.1019743865398493,778899.1844648689,0.7638727475550394,0.1599999999999966,False,7.039999999999999
1750,1752,191,59.28, Car,778899.03,1435732.44,-0.1099999999860301,0.0799999998416751,-0.6874999999126885,0.4999999990104697,0.4698511777348453,0.0751761884375752,1435732.3688323237,-0.668340552688483,-0.1069344884301572,778899.0775303805,0.8169695365108592,0.1600000000000037,False,7.200000000000003
1751,1753,191,59.44, Car,778898.93,1435732.52,-0.0999999999767169,0.0800000000745058,-0.6249999998544808,0.5000000004656613,0.488484174903285,0.0781574679845256,1435732.4469897917,-0.6415546179458591,-0.1026487388713374,778898.9748816416,0.8063554532206008,0.1599999999999966,False,7.359999999999999
1752,1754,191,59.6, Car,778898.82,1435732.59,-0.1100000001024454,0.0700000000651925,-0.6875000006402843,0.4375000004074536,0.4569742221765057,0.0731158755482409,1435732.520105667,-0.6699504260771351,-0.1071920681723416,778898.8676895734,0.8109617827831083,0.1600000000000037,False,7.520000000000003
1753,1755,191,59.76, Car,778898.71,1435732.68,-0.1099999999860301,0.0899999998509883,-0.6874999999126885,0.5624999990686774,0.5221927389851061,0.0835508382376169,1435732.6036565052,-0.680796659195583,-0.1089274654712932,778898.7587621079,0.8580031164399311,0.1599999999999966,False,7.68
1754,1756,191,59.92, Car,778898.6,1435732.77,-0.1099999999860301,0.090000000083819,-0.6874999999126885,0.562500000523869,0.5471039966094929,0.0875366394575188,1435732.6911931448,-0.6849395515969253,-0.109590328255508,778898.6491717796,0.876621339261073,0.1600000000000037,False,7.840000000000003
1755,1757,191,60.08, Car,778898.49,1435732.86,-0.1099999999860301,0.090000000083819,-0.6874999999126885,0.562500000523869,0.5566192503195038,0.0890590800511206,1435732.7802522248,-0.6865219956825044,-0.1098435193092007,778898.5393282603,0.8838198008543002,0.1599999999999966,False,8.0
1756,1758,191,60.24, Car,778898.41,1435732.96,-0.0799999999580904,0.0999999998603016,-0.4999999997380655,0.6249999991268851,0.5988808772586343,0.0958209403613814,1435732.876073165,-0.5712450625393711,-0.0913992100062993,778898.4479290503,0.8276347181104001,0.1600000000000037,False,8.160000000000004
1757,1759,191,60.4, Car,778898.35,1435733.07,-0.0600000000558793,0.1100000001024454,-0.3750000003492459,0.6875000006402843,0.6536505075617145,0.1045840812098743,1435732.9806572462,-0.4499589439815368,-0.0719934310370459,778898.3759356192,0.7935502739616859,0.1599999999999966,False,8.32
1758,1760,191,60.56, Car,778898.31,1435733.17,-0.0399999999208375,0.0999999998603016,-0.2499999995052348,0.6249999991268851,0.6359435195540244,0.1017509631286439,1435733.082408209,-0.3263775199406291,-0.0522204031905006,778898.323715216,0.7148051801612489,0.1600000000000037,False,8.480000000000004
1759,1761,191,60.72, Car,778898.28,1435733.26,-0.0300000000279396,0.090000000083819,-0.1875000001746229,0.562500000523869,0.5905529285399886,0.0944884685663981,1435733.1768966778,-0.2405464924519519,-0.0384874387923123,778898.2852277772,0.6376639996409503,0.1599999999999966,False,8.64
1760,1762,191,60.88, Car,778898.25,1435733.35,-0.0300000000279396,0.090000000083819,-0.1875000001746229,0.562500000523869,0.5732152655420725,0.0917144424867315,1435733.2686111203,-0.2077619572406037,-0.0332419131584966,778898.251985864,0.60970547933155,0.1600000000000037,False,8.800000000000004
1761,1763,191,61.04, Car,778898.2,1435733.43,-0.0500000000465661,0.0799999998416751,-0.3125000002910383,0.4999999990104697,0.5279657423301594,0.0844745187728255,1435733.353085639,-0.272493627760922,-0.0435989804417475,778898.2083868836,0.5941385379223807,0.1599999999999966,False,8.96
1762,1764,191,61.2, Car,778898.14,1435733.5,-0.059999999939464,0.0700000000651925,-0.3749999996216502,0.4375000004074536,0.4720548390044509,0.0755287742407121,1435733.4286144131,-0.3358460496342878,-0.053735367941486,778898.1546515157,0.5793343940096035,0.1600000000000037,False,9.120000000000005
1763,1765,191,61.36, Car,778898.06,1435733.57,-0.0799999999580904,0.0700000000651925,-0.4999999997380655,0.4375000004074536,0.4506987742757398,0.0721118038841183,1435733.500726217,-0.4372987701859768,-0.0699678032297562,778898.0846837125,0.6279805725815266,0.1599999999999966,False,9.280000000000001
1764,1766,191,61.52, Car,778897.97,1435733.63,-0.090000000083819,0.0599999998230487,-0.562500000523869,0.3749999988940544,0.4039143581831144,0.0646262973092983,1435733.5653525142,-0.5146773859680986,-0.0823483817548957,778898.0023353307,0.6542473694050533,0.1600000000000037,False,9.440000000000005
1765,1767,191,61.68, Car,778897.86,1435733.7,-0.1099999999860301,0.0700000000651925,-0.6874999999126885,0.4375000004074536,0.4246714266117496,0.0679474282578799,1435733.6332999424,-0.6214876354104567,-0.099438021665673,778897.902897309,0.7527235226486145,0.1599999999999966,False,9.600000000000001
1766,1768,191,61.84, Car,778897.74,1435733.78,-0.1199999999953433,0.0800000000745058,-0.7499999999708962,0.5000000004656613,0.4712270455775237,0.0753963272924038,1435733.7086962697,-0.7009126446834257,-0.1121460231493481,778897.7907512859,0.8445907079531694,0.1600000000000037,False,9.760000000000005
1767,1769,191,62.0, Car,778897.63,1435733.87,-0.1099999999860301,0.090000000083819,-0.6874999999126885,0.562500000523869,0.5276368339880029,0.0844218934380804,1435733.793118163,-0.6926231743360816,-0.110819707893773,778897.679931578,0.8707051683596884,0.1599999999999966,False,9.920000000000002
1768,1770,191,62.16, Car,778897.54,1435733.96,-0.0899999999674037,0.0899999998509883,-0.5624999997962732,0.5624999990686774,0.5491834549632583,0.0878693527941213,1435733.880987516,-0.612202629746445,-0.0979524207594312,778897.5819791573,0.8224320805232759,0.1599999999999966,False,10.079999999999998
1769,1771,191,62.32, Car,778897.47,1435734.06,-0.0700000000651925,0.1000000000931322,-0.4375000004074536,0.6250000005820766,0.596040657065295,0.0953665051304472,1435733.976354021,-0.5042304668909737,-0.0806768747025558,778897.5013022826,0.7807130257757443,0.1600000000000037,False,10.240000000000002
1770,1772,191,62.48, Car,778897.43,1435734.15,-0.0399999999208375,0.0899999998509883,-0.2499999995052348,0.5624999990686774,0.5753113904183493,0.0920498224669359,1435734.0684038436,-0.3471073970708154,-0.0555371835313304,778897.445765099,0.6719127480903835,0.1599999999999966,False,10.399999999999999
1771,1773,191,62.64, Car,778897.4,1435734.22,-0.0300000000279396,0.0700000000651925,-0.1875000001746229,0.4375000004074536,0.490139267354748,0.0784222827767597,1435734.1468261264,-0.2484646009330739,-0.0397543361492918,778897.4060107629,0.5495190254394118,0.1600000000000037,False,10.560000000000002
1772,1774,191,62.8, Car,778897.38,1435734.29,-0.0200000000186264,0.0700000000651925,-0.1250000001164153,0.4375000004074536,0.4576064112384411,0.0732170257981505,1435734.220043152,-0.1721592812209408,-0.0275454849953505,778897.378465278,0.4889196720495466,0.1599999999999966,False,10.719999999999999
1773,1775,191,62.96, Car,778897.36,1435734.35,-0.0200000000186264,0.0600000000558793,-0.1250000001164153,0.3750000003492459,0.406552841620279,0.0650484546592446,1435734.285091607,-0.1430132426133333,-0.0228821188181333,778897.3555831591,0.4309733177266358,0.1600000000000037,False,10.880000000000003
1774,1776,191,63.12, Car,778897.32,1435734.41,-0.0400000000372529,0.0599999998230487,-0.2500000002328306,0.3749999988940544,0.3870521123737923,0.0619283379798067,1435734.3470199446,-0.2091346951683294,-0.0334615512269327,778897.322121608,0.4399393803879857,0.1599999999999966,False,11.04
1775,1777,191,63.28, Car,778897.29,1435734.47,-0.0299999999115243,0.0600000000558793,-0.1874999994470272,0.3750000003492459,0.3796034975064013,0.0607365596010242,1435734.407756504,-0.1957637178763027,-0.0313221948602084,778897.2907994131,0.4271091763891816,0.1600000000000037,False,11.200000000000003
1776,1778,191,63.44, Car,778897.24,1435734.53,-0.0500000000465661,0.0600000000558793,-0.3125000002910383,0.3750000003492459,0.3767583797961658,0.0602813407673865,1435734.4680378449,-0.267910708128916,-0.0428657133006265,778897.2479336999,0.4623018757011149,0.1599999999999966,False,11.36
1777,1779,191,63.6, Car,778897.19,1435734.59,-0.0500000000465661,0.0600000000558793,-0.3125000002910383,0.3750000003492459,0.37567164153285,0.060107462645256,1435734.5281453074,-0.2954684062194068,-0.047274944995105,778897.2006587549,0.477944307765897,0.1600000000000037,False,11.520000000000003
1778,1780,191,63.76, Car,778897.14,1435734.63,-0.0499999999301508,0.0399999998044222,-0.3124999995634425,0.2499999987776391,0.2980022948880951,0.0476803671820952,1435734.5758256747,-0.3059945097885873,-0.0489591215661739,778897.1516996333,0.4271276246970324,0.1599999999999966,False,11.68
1779,1781,191,63.92, Car,778897.1,1435734.67,-0.0400000000372529,0.0400000000372529,-0.2500000002328306,0.2500000002328306,0.2683352452531542,0.0429336392405046,1435734.6187593138,-0.2713879996997489,-0.0434220799519598,778897.1082775533,0.381648071167799,0.1600000000000037,False,11.840000000000003
1780,1782,191,64.08, Car,778897.06,1435734.7,-0.0399999999208375,0.0300000000279396,-0.2499999995052348,0.1875000001746229,0.2183763163056942,0.034940210608911,1435734.6536995245,-0.2581694886281498,-0.0413071181805039,778897.0669704352,0.3381415389770458,0.1599999999999966,False,12.0
1781,1783,191,64.24, Car,778897.01,1435734.74,-0.0500000000465661,0.0400000000372529,-0.3125000002910383,0.2500000002328306,0.2379208278221482,0.0380673324515437,1435734.691766857,-0.2917475914619875,-0.0466796146339179,778897.0202908206,0.3764611234051227,0.1599999999999966,False,12.159999999999997
1782,1784,191,64.4, Car,778896.97,1435734.77,-0.0400000000372529,0.0300000000279396,-0.2500000002328306,0.1875000001746229,0.2067590425950771,0.0330814468152123,1435734.7248483037,-0.2659461611339315,-0.042551385781429,778896.9777394348,0.3368629726115768,0.1600000000000108,False,12.320000000000007
1783,1785,191,64.56, Car,778896.96,1435734.78,-0.0100000000093132,0.0100000000093132,-0.0625000000582076,0.0625000000582076,0.1176020511227749,0.0188163281796439,1435734.743664632,-0.1402095187084482,-0.0224335229933517,778896.9553059118,0.1829998676631719,0.1599999999999966,True,0.1599999999999966
1784,1786,191,64.72, Car,778896.96,1435734.78,0.0,0.0,0.0,0.0,0.0449199863821972,0.0071871978211515,1435734.7508518298,-0.0535552706003629,-0.008568843296058,778896.9467370686,0.0698997295105988,0.1599999999999966,True,0.3199999999999932
1785,1787,191,64.88, Car,778896.96,1435734.78,0.0,0.0,0.0,0.0,0.0171579080238169,0.0027452652838107,1435734.7535970951,-0.0204562930926406,-0.0032730068948225,778896.9434640617,0.0266993208686246,0.1599999999999966,True,0.47999999999998977
1786,1788,191,65.04, Car,778896.94,1435734.8,-0.0200000000186264,0.0200000000186264,-0.1250000001164153,0.1250000001164153,0.083807986354939,0.0134092778167902,1435734.767006373,-0.0850678573432445,-0.0136108571749191,778896.9298532045,0.1194165772823867,0.1600000000000108,True,0.6400000000000006
1787,1789,191,65.2, Car,778896.92,1435734.82,-0.0199999999022111,0.0200000000186264,-0.1249999993888195,0.1250000001164153,0.1092660509245847,0.0174825681479335,1435734.784488941,-0.1097472783709986,-0.0175595645393597,778896.91229364,0.1548661841542413,0.1599999999999966,True,0.7999999999999972
1788,1790,191,65.36, Car,778896.9,1435734.83,-0.0200000000186264,0.0100000000093132,-0.1250000001164153,0.0625000000582076,0.0803630419695572,0.0128580867151291,1435734.7973470278,-0.1191739788306107,-0.0190678366128977,778896.8932258034,0.1437381499286799,0.1599999999999966,True,0.9599999999999937
2020,2022,191,102.48, Car,778896.81,1435734.9,-0.0399999999208375,0.029999999795109,-0.2499999995052348,0.1874999987194314,0.145389869314126,0.0232623790902601,1435734.8609168213,-0.187499999724944,-0.029999999955991,778896.8099822517,0.2372645443298105,0.1600000000000108,False,0.1600000000000108
2021,2023,191,102.64, Car,778896.74,1435734.95,-0.0700000000651925,0.0500000000465661,-0.4375000004074536,0.3125000002910383,0.2486696101223044,0.0397871376195687,1435734.900703959,-0.3420084973342319,-0.0547213595734771,778896.7552608921,0.4228550428305168,0.1599999999999966,False,0.3200000000000074
2022,2024,191,102.8, Car,778896.65,1435735.02,-0.0899999999674037,0.0700000000651925,-0.5624999997962732,0.4375000004074536,0.3653732094274346,0.0584597135083895,1435734.9591636723,-0.4782797400863046,-0.0765247584138087,778896.6787361337,0.601871325072334,0.1599999999999966,False,0.480000000000004
2023,2025,191,102.96, Car,778896.57,1435735.09,-0.0800000000745058,0.0700000000651925,-0.5000000004656613,0.4375000004074536,0.4099500177525457,0.0655920028404073,1435735.024755675,-0.4917035992452447,-0.0786725758792391,778896.6000635579,0.6401807920939527,0.1599999999999966,False,0.6400000000000006
2024,2026,191,103.12, Car,778896.5,1435735.15,-0.0699999999487772,0.0599999998230487,-0.4374999996798578,0.3749999988940544,0.3883497181905482,0.0621359549104877,1435735.0868916302,-0.4582039324012465,-0.0733126291841994,778896.5267509287,0.6006382832342976,0.1600000000000108,False,0.8000000000000114
2025,2027,191,103.28, Car,778896.42,1435735.22,-0.0799999999580904,0.0700000000651925,-0.4999999997380655,0.4375000004074536,0.4187262631572453,0.0669962021051592,1435735.1538878323,-0.4840353226114799,-0.0774456516178368,778896.4493052771,0.6400170911727514,0.1599999999999966,False,0.960000000000008
2026,2028,191,103.44, Car,778896.32,1435735.3,-0.1000000000931322,0.0800000000745058,-0.6250000005820766,0.5000000004656613,0.4689561952065768,0.0750329912330522,1435735.2289208234,-0.5711562848104923,-0.0913850055696787,778896.3579202715,0.7390124590973776,0.1599999999999966,False,1.1200000000000045
2027,2029,191,103.6, Car,778896.21,1435735.4,-0.1099999999860301,0.0999999998603016,-0.6874999999126885,0.6249999991268851,0.5653965697631514,0.0904634511621042,1435735.3193842743,-0.643060655121084,-0.1028897048193734,778896.2550305666,0.8562711528859862,0.1599999999999966,False,1.2800000000000011
2028,2030,191,103.76, Car,778896.1,1435735.48,-0.1099999999860301,0.0800000000745058,-0.6874999999126885,0.5000000004656613,0.5249792671896647,0.0839966827503463,1435735.4033809572,-0.6705256806400712,-0.1072841089024114,778896.1477464577,0.8515914040059518,0.1600000000000108,False,1.440000000000012
2029,2031,191,103.92, Car,778895.99,1435735.57,-0.1099999999860301,0.090000000083819,-0.6874999999126885,0.562500000523869,0.5481683556730241,0.0877069369076838,1435735.4910878942,-0.6810163868864411,-0.1089626219018305,778896.0387838358,0.8742264382693593,0.1599999999999966,False,1.6000000000000085
2030,2032,191,104.08, Car,778895.88,1435735.65,-0.1099999999860301,0.0799999998416751,-0.6874999999126885,0.4999999990104697,0.5183986740733381,0.082943787851734,1435735.574031682,-0.6850234801065636,-0.1096037568170501,778895.929180079,0.859065977430315,0.1599999999999966,False,1.7600000000000051
2031,2033,191,104.24, Car,778895.75,1435735.74,-0.1300000000046566,0.090000000083819,-0.8125000000291038,0.562500000523869,0.5456547927687209,0.0873047668429953,1435735.6613364487,-0.7638083021862465,-0.1222093283497994,778895.8069707507,0.9386917893324264,0.1599999999999966,False,1.9200000000000017
2032,2034,191,104.4, Car,778895.61,1435735.84,-0.1400000000139698,0.1000000000931322,-0.8750000000873115,0.6250000005820766,0.5946928280417985,0.0951508524866877,1435735.756487301,-0.832528550755915,-0.1332045681209464,778895.6737661825,1.023114532957135,0.1600000000000108,False,2.0800000000000125
2033,2035,191,104.56, Car,778895.44,1435735.94,-0.1700000000419095,0.0999999998603016,-1.0625000002619345,0.6249999991268851,0.61342368987524,0.0981477903800384,1435735.8546350915,-0.9746587229927152,-0.1559453956788344,778895.5178207868,1.1516285206636492,0.1599999999999966,False,2.240000000000009
2034,2036,191,104.72, Car,778895.27,1435736.06,-0.1699999999254942,0.1200000001117587,-1.0624999995343387,0.7500000006984919,0.6978324920220799,0.1116531987235327,1435735.9662882905,-1.0289476175106174,-0.1646316188016987,778895.353189168,1.243263200815709,0.1599999999999966,False,2.4000000000000057
2035,2037,191,104.88, Car,778895.08,1435736.19,-0.1900000000605359,0.1299999998882413,-1.1875000003783498,0.8124999993015081,0.7687009089259925,0.1229921454281588,1435736.0892804358,-1.1269383791201626,-0.180310140659226,778895.1728790273,1.36414485950636,0.1599999999999966,False,2.5600000000000023
2036,2038,191,105.04, Car,778894.88,1435736.35,-0.1999999999534338,0.1600000001490116,-1.2499999997089617,1.0000000009313226,0.9116516093522756,0.145864257496364,1435736.2351446934,-1.2029946433546843,-0.1924791429367495,778894.9803998844,1.509405435519118,0.1600000000000108,False,2.720000000000013
2037,2039,191,105.2, Car,778894.67,1435736.52,-0.2099999999627471,0.1699999999254942,-1.3124999997671694,1.0624999995343387,1.0048810416329963,0.1607809666612794,1435736.3959256602,-1.2706726755677713,-0.2033076280908434,778894.7770922564,1.6199984432918366,0.1599999999999966,False,2.8800000000000097
2038,2040,191,105.36, Car,778894.5,1435736.67,-0.1700000000419095,0.1499999999068677,-1.0625000002619345,0.9374999994179234,0.9632372673466898,0.1541179627754703,1435736.550043623,-1.142014886699768,-0.1827223818719629,778894.5943698745,1.4939959955265616,0.1599999999999966,False,3.0400000000000063
2039,2041,191,105.52, Car,778894.36,1435736.81,-0.1400000000139698,0.1400000001303851,-0.8750000000873115,0.8750000008149073,0.9087036375556646,0.1453925820089063,1435736.695436205,-0.9769906112710708,-0.1563184978033713,778894.4380513766,1.3342612020960205,0.1599999999999966,False,3.200000000000003
2040,2042,191,105.68, Car,778894.21,1435736.96,-0.150000000023283,0.1499999999068677,-0.9375000001455192,0.9374999994179234,0.9265007679388818,0.1482401228702211,1435736.843676328,-0.952584071358975,-0.152413451417436,778894.2856379251,1.3288416331520392,0.1600000000000108,False,3.3600000000000136
2041,2043,191,105.84, Car,778894.03,1435737.13,-0.1799999999348074,0.1699999999254942,-1.1249999995925464,1.0624999995343387,1.0105529155087427,0.1616884664813988,1435737.0053647943,-1.0591429752091848,-0.1694628760334695,778894.1161750491,1.4638992577968553,0.1599999999999966,False,3.5200000000000102
2042,2044,191,106.0, Car,778893.82,1435737.31,-0.2100000000791624,0.180000000167638,-1.3125000004947651,1.125000001047738,1.0812851042852083,0.1730056166856333,1435737.1783704113,-1.21572622812424,-0.1945161964998784,778893.9216588526,1.6270119048422067,0.1599999999999966,False,3.680000000000007
2043,2045,191,106.16, Car,778893.59,1435737.5,-0.2299999999813735,0.1899999999441206,-1.437499999883585,1.187499999650754,1.1469295197326292,0.1835087231572207,1435737.3618791343,-1.3527899568847768,-0.2164463931015643,778893.7052124596,1.7735523647985236,0.1599999999999966,False,3.8400000000000034
2044,2046,191,106.32, Car,778893.33,1435737.68,-0.2600000000093132,0.1799999999348074,-1.6250000000582077,1.1249999995925464,1.1333763309290827,0.1813402129486532,1435737.5432193473,-1.5210250156450331,-0.2433640025032053,778893.461848457,1.8968550302351108,0.1599999999999966,False,4.0
2045,2047,191,106.48, Car,778893.03,1435737.9,-0.2999999999301508,0.2199999999720603,-1.8749999995634423,1.374999999825377,1.2827079707934437,0.2052332753269509,1435737.748452623,-1.7397935868738077,-0.2783669738998092,778893.1834814831,2.1615322026896253,0.1600000000000108,False,4.160000000000011
2046,2048,191,106.64, Car,778892.63,1435738.18,-0.400000000023283,0.2800000000279397,-2.500000000145519,1.750000000174623,1.571510327622927,0.2514416524196683,1435737.999894275,-2.209626988741374,-0.35354031819862,778892.8299411649,2.7114749010823966,0.1599999999999966,False,4.320000000000007
2047,2049,191,106.8, Car,778892.19,1435738.5,-0.4400000000605359,0.3200000000651926,-2.75000000037835,2.0000000004074536,1.836331509232085,0.2938130414771336,1435738.2937073165,-2.543595876536168,-0.4069753402457868,778892.4229658247,3.1371951477283626,0.1599999999999966,False,4.480000000000004
2048,2050,191,106.96, Car,778891.76,1435738.8,-0.4299999999348074,0.3000000000465661,-2.6874999995925464,1.8750000002910383,1.8602299510001896,0.2976367921600303,1435738.5913441086,-2.6325335157062573,-0.4212053625130011,778892.0017604622,3.2234590399002925,0.1599999999999966,False,4.640000000000001
2049,2051,191,107.12, Car,778891.34,1435739.1,-0.4200000000419095,0.3000000000465661,-2.6250000002619345,1.8750000002910383,1.8693583434774448,0.2990973349563913,1435738.8904414435,-2.6278775471068934,-0.4204604075371029,778891.5813000547,3.224940467499715,0.1600000000000108,False,4.800000000000011
2050,2052,191,107.28, Car,778890.94,1435739.39,-0.400000000023283,0.2899999998044222,-2.500000000145519,1.8124999987776391,1.834217953908908,0.2934748726254252,1435739.183916316,-2.548844876686803,-0.4078151802698885,778891.1734848744,3.1402174618733563,0.1599999999999966,False,4.960000000000008
2051,2053,191,107.44, Car,778890.57,1435739.66,-0.3699999999953434,0.2700000000186264,-2.312499999970896,1.687500000116415,1.7435412717053107,0.2789666034728497,1435739.4628829197,-2.402775709809469,-0.3844441135695151,778890.7890407608,2.968714751839619,0.1599999999999966,False,5.1200000000000045
2052,2054,191,107.6, Car,778890.22,1435739.92,-0.3499999999767169,0.2600000000093132,-2.187499999854481,1.6250000000582077,1.6702787367577667,0.2672445978812426,1435739.7301275176,-2.2697280041050223,-0.3631564806568035,778890.4258842801,2.8180660515828384,0.1599999999999966,False,5.280000000000001
2053,2055,191,107.76, Car,778889.82,1435740.2,-0.400000000023283,0.2800000000279397,-2.500000000145519,1.750000000174623,1.7195491871754676,0.2751278699480748,1435740.0052553876,-2.4120439243153307,-0.3859270278904529,778890.0399572522,2.96222978513523,0.1600000000000108,False,5.440000000000012
2054,2056,191,107.92, Car,778889.37,1435740.52,-0.4499999999534338,0.3200000000651926,-2.8124999997089617,2.0000000004074536,1.892877321925384,0.3028603715080614,1435740.3081157592,-2.6595393899099853,-0.4255263023855976,778889.6144309498,3.264373496146265,0.1599999999999966,False,5.6000000000000085
2055,2057,191,108.08, Car,778888.86,1435740.86,-0.5100000000093132,0.340000000083819,-3.187500000058208,2.125000000523869,2.036337026858916,0.3258139242974265,1435740.6339296834,-2.98583699170272,-0.4777339186724352,778889.1366970311,3.614123825767036,0.1599999999999966,False,5.760000000000005
2056,2058,191,108.24, Car,778888.26,1435741.22,-0.5999999999767169,0.3599999998696148,-3.749999999854481,2.2499999991850927,2.168388005893821,0.3469420809430114,1435740.9808717642,-3.458115703685871,-0.5532985125897394,778888.5833985185,4.08172399412099,0.1599999999999966,False,5.920000000000002
2057,2059,191,108.4, Car,778887.58,1435741.61,-0.6800000000512227,0.3900000001303851,-4.250000000320142,2.437500000814908,2.3347083655353416,0.3735533384856546,1435741.3544251027,-3.9475271141631545,-0.6316043382661047,778887.9517941802,4.586265743407592,0.1600000000000108,False,6.0800000000000125
2058,2060,191,108.56, Car,778886.86,1435741.99,-0.7199999999720603,0.3799999998882413,-4.499999999825377,2.374999999301508,2.359609964665095,0.3775375943464152,1435741.731962697,-4.288974135365143,-0.6862358616584229,778887.2655583186,4.895207689074896,0.1599999999999966,False,6.240000000000009
2059,2061,191,108.72, Car,778886.07,1435742.39,-0.7900000000372529,0.3999999999068677,-4.937500000232831,2.4999999994179234,2.446375777824122,0.3914201244518596,1435742.1233828217,-4.689785162436795,-0.7503656259898872,778886.5151926926,5.289502747530896,0.1599999999999966,False,6.400000000000006
2060,2062,191,108.88, Car,778885.29,1435742.76,-0.7799999999115244,0.3700000001117587,-4.874999999447027,2.312500000698492,2.363635997290177,0.3781817595664283,1435742.5015645812,-4.80425422692989,-0.7686806763087825,778885.7465120163,5.354216451046749,0.1599999999999966,False,6.560000000000002
2061,2063,191,109.04, Car,778884.56,1435743.1,-0.7299999999813735,0.340000000083819,-4.562499999883585,2.125000000523869,2.2161508403493886,0.3545841344559022,1435742.8561487156,-4.654841897691314,-0.7447747036306103,778885.0017373126,5.155470651616958,0.1600000000000108,False,6.720000000000013
2062,2064,191,109.2, Car,778883.88,1435743.4,-0.6800000000512227,0.2999999998137355,-4.250000000320142,1.8749999988358468,2.0053080250033912,0.3208492840005426,1435743.1769979997,-4.4046358450459335,-0.7047417352073494,778884.2969955774,4.839636060966414,0.1599999999999966,False,6.88000000000001
2063,2065,191,109.36, Car,778883.26,1435743.68,-0.6199999999953434,0.2800000000279397,-3.874999999970896,1.750000000174623,1.8475189880586105,0.2956030380893776,1435743.4726010377,-4.077302891129287,-0.6523684625806859,778883.6446271149,4.476351782115471,0.1599999999999966,False,7.040000000000006
2064,2066,191,109.52, Car,778882.73,1435743.91,-0.5300000000279397,0.2299999999813735,-3.312500000174623,1.437499999883585,1.5941133173336035,0.2550581307733766,1435743.7276591684,-3.604628709825125,-0.57674059357202,778883.0678865213,3.941388765929579,0.1599999999999966,False,7.200000000000003
2065,2067,191,109.68, Car,778882.18,1435744.14,-0.5499999999301508,0.2299999999813735,-3.4374999995634425,1.437499999883585,1.497320964058615,0.2395713542493784,1435743.9672305228,-3.501337486387472,-0.5602139978219955,778882.5076725235,3.808061746215725,0.1600000000000108,False,7.360000000000014
2066,2068,191,109.84, Car,778881.57,1435744.41,-0.6100000001024455,0.2700000000186264,-3.812500000640284,1.687500000116415,1.6148580722900272,0.2583772915664044,1435744.2256078145,-3.693646496220584,-0.5909834393952934,778881.9166890841,4.031226988484134,0.1599999999999966,False,7.52000000000001
2067,2069,191,110.0, Car,778880.92,1435744.68,-0.6499999999068677,0.2700000000186264,-4.062499999417923,1.687500000116415,1.6597532526950518,0.2655605204312083,1435744.4911683346,-3.921610498066008,-0.6274576796905612,778881.2892314044,4.258381119436508,0.1599999999999966,False,7.680000000000007
2068,2070,191,110.16, Car,778880.3,1435744.94,-0.6199999999953434,0.2600000000093132,-3.874999999970896,1.6250000000582077,1.6382745613458702,0.2621239298153392,1435744.7532922644,-3.892803626010666,-0.6228485801617066,778880.6663828243,4.223489506206307,0.1599999999999966,False,7.840000000000003
2069,2071,191,110.32, Car,778879.69,1435745.18,-0.6100000001024455,0.2399999999906867,-3.812500000640284,1.4999999999417923,1.5528161826186655,0.2484505892189865,1435745.0017428536,-3.8431732561119314,-0.614907720977909,778880.0514751034,4.145023374300366,0.1599999999999966,False,8.0
2070,2072,191,110.48, Car,778879.05,1435745.44,-0.6399999998975545,0.2600000000093132,-3.999999999359716,1.6250000000582077,1.59742823523402,0.2555885176374432,1435745.257331371,-3.940097513784016,-0.6304156022054425,778879.4210595011,4.251605036318621,0.1600000000000108,False,8.16000000000001
2071,2073,191,110.64, Car,778878.27,1435745.76,-0.7800000000279397,0.3200000000651926,-4.875000000174623,2.0000000004074536,1.8462312690222435,0.2953970030435589,1435745.552728374,-4.5178990265401975,-0.7228638442464316,778878.6981956569,4.880571842799607,0.1599999999999966,False,8.320000000000007
2072,2074,191,110.8, Car,778877.47,1435746.08,-0.8000000000465661,0.3200000000651926,-5.000000000291038,2.0000000004074536,1.941265571425256,0.3106024914280409,1435745.8633308655,-4.815853814327638,-0.770536610292422,778877.9276590466,5.192394436074275,0.1599999999999966,False,8.480000000000004
2073,2075,191,110.96, Car,778876.96,1435746.28,-0.5100000000093132,0.1999999999534338,-3.187500000058208,1.2499999997089617,1.514039952851958,0.2422463924563133,1435746.105577258,-3.8094758113985967,-0.6095161298237755,778877.3181429168,4.099319813879244,0.1599999999999966,False,8.64
2074,2076,191,111.12, Car,778876.74,1435746.37,-0.2199999999720603,0.090000000083819,-1.374999999825377,0.562500000523869,0.9259559206597444,0.148152947305559,1435746.2537302051,-2.3048870150568623,-0.3687819224090979,778876.9493609944,2.483928042271468,0.1600000000000108,False,8.800000000000011
2075,2077,191,111.28, Car,778876.68,1435746.39,-0.059999999939464,0.0199999997857958,-0.3749999996216502,0.1249999986612238,0.430937937374149,0.0689500699798638,1435746.3226802752,-1.1121512450708082,-0.1779441992113293,778876.7714167952,1.1927228922850583,0.1599999999999966,False,8.960000000000008
2076,2078,191,111.44, Car,778876.78,1435746.36,0.0999999999767169,-0.029999999795109,0.6249999998544808,-0.1874999987194314,0.0487222729359809,0.0077955636697569,1435746.3304758389,-0.0385327321077861,-0.0061652371372457,778876.765251558,0.0621178824795133,0.1599999999999966,True,0.1599999999999966
2077,2079,191,111.6, Car,778876.88,1435746.32,0.0999999999767169,-0.0400000000372529,0.6249999998544808,-0.2500000002328306,-0.1358982450789753,-0.021743719212636,1435746.3087321196,0.3715530488929686,0.0594484878228749,778876.8247000459,0.395626087558955,0.1599999999999966,False,0.1599999999999966
2078,2080,191,111.76, Car,778876.32,1435746.53,-0.5600000000558794,0.2099999999627471,-3.500000000349246,1.3124999997671694,0.7592610994816344,0.1214817759170615,1435746.4302138956,-2.021198324787015,-0.3233917319659224,778876.5013083139,2.159101684800393,0.1600000000000108,False,0.3200000000000074
2079,2081,191,111.92, Car,778875.17,1435746.98,-1.1499999999068675,0.4499999999534338,-7.187499999417923,2.8124999997089617,2.028232526845577,0.3245172042952923,1435746.7547310998,-5.214148355844417,-0.8342637369351067,778875.667044577,5.594735941910881,0.1599999999999966,False,0.480000000000004
2080,2082,191,112.08, Car,778873.88,1435747.49,-1.290000000037253,0.5100000000093132,-8.06250000023283,3.187500000058208,2.744699227343191,0.4391518763749106,1435747.1938829762,-6.974526483988111,-1.1159242374380978,778874.5511203395,7.495158005301147,0.1599999999999966,False,0.6400000000000006
2081,2083,191,112.24, Car,778872.73,1435747.93,-1.150000000023283,0.4399999999441206,-7.187500000145519,2.749999999650754,2.7479752847958894,0.4396760455673423,1435747.633559022,-7.106151355676964,-1.1369842169083142,778873.4141361227,7.618973372813334,0.1599999999999966,False,0.7999999999999972
2082,2084,191,112.4, Car,778871.5,1435748.4,-1.2299999999813735,0.4699999999720603,-7.687499999883585,2.937499999825377,2.865108000392251,0.4584172800627601,1435748.091976302,-7.465444577110325,-1.194471132337652,778872.2196649903,7.996355831740958,0.1600000000000108,False,0.960000000000008
2083,2085,191,112.56, Car,778869.98,1435748.97,-1.5200000000186265,0.5700000000651926,-9.500000000116415,3.5625000004074536,3.2961199598839133,0.5273791935814262,1435748.6193554956,-8.72286898052351,-1.3956590368837616,778870.8240059534,9.324851207463013,0.1599999999999966,False,1.1200000000000045
2084,2086,191,112.72, Car,778868.1,1435749.66,-1.8800000000046568,0.6899999999441206,-11.750000000029104,4.312499999650754,3.924277369946791,0.6278843791914865,1435749.247239875,-10.593738838977089,-1.6949982142363342,778869.1290077391,11.297223351989114,0.1599999999999966,False,1.2800000000000011
2085,2087,191,112.88, Car,778866.12,1435750.36,-1.979999999981373,0.7000000001862645,-12.374999999883585,4.375000001164153,4.202839275537905,0.6724542840860649,1435749.9196941587,-11.694618779257398,-1.871139004681184,778867.2578687344,12.426904939210075,0.1599999999999966,False,1.4399999999999977
2086,2088,191,113.04, Car,778864.23,1435751.01,-1.8900000000139696,0.6499999999068677,-11.812500000087311,4.062499999417923,4.1161048329392,0.6585767732702721,1435750.578270932,-11.767473380365615,-1.8827957408584988,778865.3750729936,12.466585288416344,0.1600000000000108,False,1.6000000000000085
2087,2089,191,113.2, Car,778862.34,1435751.64,-1.8900000000139696,0.6299999998882413,-11.812500000087311,3.937499999301508,4.005720975196086,0.6409153560313737,1435751.219186288,-11.79530136175214,-1.8872482178803427,778863.4878247757,12.456923165279528,0.1599999999999966,False,1.7600000000000051
2088,2090,191,113.36, Car,778860.44,1435752.25,-1.900000000023283,0.6100000001024455,-11.87500000014552,3.812500000640284,3.8863038455812218,0.6218086152929955,1435751.8409949034,-11.844557829136336,-1.895129252661814,778861.592695523,12.465829605282364,0.1599999999999966,False,1.9200000000000017
2089,2091,191,113.52, Car,778858.6,1435752.82,-1.839999999967404,0.5700000000651926,-11.499999999796271,3.5625000004074536,3.6861820635759246,0.589789130172148,1435752.4307840336,-11.631609379514291,-1.8610575007222867,778859.7316380223,12.201732457460034,0.1599999999999966,False,2.0799999999999983
2090,2092,191,113.68, Car,778856.55,1435753.41,-2.049999999930151,0.5899999998509884,-12.812499999563444,3.687499999068677,3.686996592505425,0.589919454800868,1435753.0207034885,-12.361439919700606,-1.977830387152097,778857.7538076352,12.89957909241671,0.1600000000000108,False,2.240000000000009
2091,2093,191,113.84, Car,778854.08,1435754.08,-2.470000000088476,0.6700000001583248,-15.437500000552973,4.18750000098953,3.996324710433776,0.639411953669404,1435753.6601154422,-14.26254960110412,-2.282007936176659,778855.471799699,14.811851076593326,0.1599999999999966,False,2.4000000000000057
2092,2094,191,114.0, Car,778851.36,1435754.77,-2.7199999999720603,0.6899999999441206,-16.999999999825377,4.312499999650754,4.191731785572696,0.6706770856916313,1435754.330792528,-15.954386990030809,-2.5527019184049293,778852.9190977806,16.495850374862304,0.1599999999999966,False,2.5600000000000023
2093,2095,191,114.16, Car,778848.57,1435755.39,-2.790000000037253,0.6199999998789281,-17.43750000023283,3.874999999243301,3.99598077630366,0.6393569242085857,1435754.970149452,-16.871001239492827,-2.6993601983188524,778850.2197375823,17.33777797722525,0.1599999999999966,False,2.719999999999999
2094,2096,191,114.32, Car,778845.74,1435755.94,-2.8299999999580905,0.5500000000465661,-17.687499999738066,3.4375000002910383,3.650820674664443,0.5841313079463109,1435755.55428076,-17.375625225096535,-2.7801000360154458,778847.4396375462,17.75502305156398,0.1599999999999966,False,2.8799999999999955
2095,2097,191,114.48, Car,778843.09,1435756.37,-2.650000000023283,0.430000000167638,-16.56250000014552,2.687500001047738,3.055455756303875,0.48887292100862,1435756.043153681,-16.873086198966902,-2.6996937918347044,778844.7399437544,17.14750266821667,0.1600000000000108,False,3.0400000000000063
2096,2098,191,114.64, Car,778840.72,1435756.67,-2.3699999999953434,0.2999999998137355,-14.812499999970896,1.8749999988358468,2.325893975973131,0.3721430361557009,1435756.4152967173,-15.599573891238416,-2.4959318225981466,778842.2440119318,15.772015989583428,0.1599999999999966,False,3.200000000000003
2097,2099,191,114.8, Car,778838.67,1435756.84,-2.049999999930151,0.1700000001583248,-12.812499999563444,1.0625000009895302,1.5450735582514312,0.247211769320229,1435756.6625084863,-13.87706749702584,-2.2203307995241346,778840.0236811322,13.962816858263906,0.1599999999999966,False,3.3599999999999994
2098,2100,191,114.96, Car,778837.0,1435756.88,-1.6700000000419095,0.0399999998044222,-10.437500000261934,0.2499999987776391,0.7446740805653193,0.119147852890451,1435756.7816563395,-11.751297877426351,-1.8802076603882163,778838.1434734719,11.774869056183634,0.1599999999999966,False,3.519999999999996
2099,2101,191,115.12, Car,778835.7,1435756.82,-1.300000000046566,-0.0599999998230487,-8.125000000291038,-0.3749999988940544,0.0526774431371758,0.0084283909019481,1435756.7900847304,-9.510122536025138,-1.521619605764022,778836.6218538661,9.51026842750659,0.1600000000000108,False,3.680000000000007
2100,2102,191,115.28, Car,778834.64,1435756.67,-1.059999999939464,-0.1500000001396984,-6.62499999962165,-0.9375000008731148,-0.5592858721546798,-0.0894857395447487,1435756.7005989908,-7.727018746819477,-1.2363229994911162,778835.3855308667,7.747233015760623,0.1599999999999966,False,3.8400000000000034
2101,2103,191,115.44, Car,778833.93,1435756.46,-0.7099999999627471,-0.2099999999627471,-4.437499999767169,-1.3124999997671694,-1.0247978038257992,-0.1639676486121278,1435756.5366313425,-5.693984354511183,-0.9110374967217892,778834.4744933699,5.785470453484687,0.1599999999999966,False,4.0
2102,2104,191,115.6, Car,778833.73,1435756.06,-0.2000000000698492,-0.3999999999068677,-1.2500000004365577,-2.4999999994179234,-1.9365229009802023,-0.3098436641568324,1435756.2267876782,-2.9474509782203167,-0.4715921565152506,778834.0029012134,3.526696501690028,0.1599999999999966,False,4.159999999999997
2103,2105,191,115.76, Car,778834.2,1435755.3,0.4699999999720603,-0.7600000000093132,2.937499999825377,-4.750000000058208,-3.675347374779865,-0.5880555799647784,1435755.6387320985,0.6896487483388589,0.1103437997342174,778834.113245013,3.739491104600544,0.1600000000000108,False,4.320000000000007
2104,2106,191,115.92, Car,778835.36,1435754.18,1.1600000000325963,-1.1200000001117587,7.250000000203727,-7.000000000698492,-5.730095698384167,-0.9168153117414668,1435754.7219167866,4.74416880012927,0.7590670080206832,778834.8723120211,7.439162205299783,0.1599999999999966,False,4.480000000000004
2105,2107,191,116.08, Car,778836.89,1435753.0,1.5300000000279397,-1.1799999999348074,9.562500000174625,-7.374999999592546,-6.7467024647718405,-1.0794723943634943,1435753.6424443922,7.722061250811368,1.235529800129819,778836.1078418213,10.254180811232112,0.1599999999999966,False,4.640000000000001
2106,2108,191,116.24, Car,778838.65,1435751.83,1.7600000000093132,-1.1699999999254942,11.000000000058208,-7.312499999534339,-7.096384572005965,-1.1354215315209544,1435752.5070228607,9.747938810886234,1.5596702097417976,778837.667512031,12.057403744363311,0.1599999999999966,False,4.799999999999997
2107,2109,191,116.4, Car,778840.43,1435750.74,1.7800000000279397,-1.090000000083819,11.125000000174625,-6.812500000523869,-6.92093425794833,-1.1073494812717328,1435751.3996733795,10.599009430454812,1.69584150887277,778839.36335354,12.658528030924955,0.1600000000000108,False,4.960000000000008
2108,2110,191,116.56, Car,778841.73,1435749.94,1.2999999999301508,-0.8000000000465661,8.124999999563443,-5.000000000291038,-5.733731596562076,-0.917397055449932,1435750.482276324,9.06998751367616,1.4511980021881856,778840.8145515422,10.730347222697675,0.1599999999999966,False,5.1200000000000045
2109,2111,191,116.72, Car,778842.46,1435749.44,0.7299999999813735,-0.5,4.562499999883585,-3.125,-4.121446802360935,-0.6594314883777496,1435749.8228448357,6.2842070262865874,1.005473124205854,778841.8200246664,7.515156797693637,0.1599999999999966,False,5.280000000000001
2110,2112,191,116.88, Car,778843.04,1435748.93,0.5800000000745058,-0.5100000000093132,3.625000000465661,-3.187500000058208,-3.544235934853571,-0.5670777495765714,1435749.2557670858,4.640726701206735,0.7425162721930777,778842.5625409386,5.839345226752783,0.1599999999999966,False,5.439999999999998
2111,2113,191,117.04, Car,778843.58,1435748.31,0.5399999999208376,-0.6199999998789281,3.374999999505235,-3.874999999243301,-3.748659368903483,-0.5997854990245572,1435748.6559815868,3.8584645790869088,0.6173543326539054,778843.1798952713,5.379609276902568,0.1600000000000108,False,5.6000000000000085
2112,2114,191,117.2, Car,778843.88,1435747.66,0.3000000000465661,-0.6500000001396984,1.8750000002910383,-4.062500000873115,-3.942623546511464,-0.630819767441834,1435748.0251618193,2.6326160539095667,0.4212185686255307,778843.6011138399,4.740775012253693,0.1599999999999966,False,5.760000000000005
2113,2115,191,117.36, Car,778843.84,1435746.98,-0.0400000000372529,-0.6799999999348074,-0.2500000002328306,-4.249999999592546,-4.132592641856959,-0.6612148226971135,1435747.3639469966,0.8510613559334579,0.1361698169493532,778843.7372836568,4.219315984267305,0.1599999999999966,False,5.920000000000002
2114,2116,191,117.52, Car,778843.43,1435746.26,-0.4099999999161809,-0.7199999999720603,-2.562499999476131,-4.499999999825377,-4.359662876798241,-0.6975460602877186,1435746.6664009364,-1.258635584392828,-0.2013816935028524,778843.5359019634,4.537711310080511,0.1599999999999966,False,6.079999999999998
2115,2117,191,117.68, Car,778842.78,1435745.57,-0.6500000000232831,-0.6899999999441206,-4.062500000145519,-4.312499999650754,-4.3305146157138585,-0.6928823385142174,1435745.973518598,-2.9915190931743574,-0.4786430549078972,778843.0572589084,5.263320560419826,0.1600000000000108,False,6.240000000000009
2116,2118,191,117.84, Car,778842.1,1435744.96,-0.6800000000512227,-0.6100000001024455,-4.250000000320142,-3.812500000640284,-4.010363976929196,-0.6416582363086714,1435745.3318603616,-3.7693030679832527,-0.6030884908773204,778842.4541704175,5.503695562597855,0.1599999999999966,False,6.400000000000006
2117,2119,191,118.0, Car,778841.52,1435744.32,-0.5799999999580905,-0.6399999998975545,-3.6249999997380655,-3.999999999359716,-4.003958686532616,-0.6406333898452184,1435744.6912269718,-3.680118867126832,-0.5888190187402931,778841.8653513987,5.438286498488552,0.1599999999999966,False,6.560000000000002
2118,2120,191,118.16, Car,778841.25,1435743.45,-0.2700000000186264,-0.8700000001117587,-1.687500000116415,-5.437500000698492,-4.889935942964319,-0.782389750874291,1435743.9088372209,-2.448612680690087,-0.3917780289104139,778841.4735733698,5.4687455221769685,0.1599999999999966,False,6.719999999999999
2119,2121,191,118.32, Car,778841.48,1435742.35,0.2299999999813735,-1.0999999998603016,1.437499999883585,-6.874999999126885,-6.116772999518515,-0.9786836799229623,1435742.930153541,-0.0468629599835943,-0.007498073597375,778841.4660752962,6.116952514500759,0.1599999999999966,False,6.8799999999999955
2120,2122,191,118.48, Car,778842.17,1435741.19,0.690000000060536,-1.1600000001490116,4.31250000037835,-7.250000000931323,-6.817145803360756,-1.090743328537721,1435741.8394102126,2.647371518817448,0.4235794430107916,778841.8896547392,7.313142475223969,0.1600000000000108,False,7.040000000000006
2121,2123,191,118.64, Car,778843.3,1435739.93,1.1300000000046566,-1.2600000000093132,7.062500000029104,-7.875000000058208,-7.470935652061498,-1.1953497043298398,1435740.6440605083,5.376070984903953,0.8601713575846326,778842.7498260968,9.204184849945689,0.1599999999999966,False,7.200000000000003
2122,2124,191,118.8, Car,778844.48,1435738.81,1.1799999999348074,-1.119999999878928,7.374999999592546,-6.9999999992433,-7.179881412105732,-1.148781025936917,1435739.4952794823,6.611477057079842,1.0578363291327748,778843.8076624259,9.760242106023524,0.1599999999999966,False,7.359999999999999
2123,2125,191,118.96, Car,778844.96,1435738.39,0.4799999999813735,-0.4200000001583248,2.9999999998835847,-2.6250000009895302,-4.364809885310836,-0.6983695816497337,1435738.7969099006,4.379461486142107,0.7007138377827371,778844.5083762637,6.183142262920143,0.1599999999999966,False,7.519999999999996
