,Unnamed: 0,Track ID,TimeStamp,Type,X,Y,dx,dy,vx,vy,dvx,dvy,ax,ay,avg_ax,avg_ay
1879,1226994,15474,5274.76, Bus,778809.66,1435821.04,-0.0500000000465661,-0.3100000000558793,-0.3125000002910383,-1.937500000349246,2.4375000000873115,-2.6249999995343387,15.234375000545697,-16.406249997089617,14.108248873821434,14.90357545015548
1880,1226995,15474,5274.92, Bus,778809.61,1435820.73,0.3399999999674037,-0.7299999999813735,2.124999999796273,-4.562499999883585,4.250000000320142,-7.437499999650754,26.56250000200089,-46.48437499781721,14.108248873821434,14.90357545015548
1881,1226996,15474,5275.08, Bus,778809.95,1435820.0,1.0200000000186265,-1.9199999999254944,6.375000000116415,-11.99999999953434,4.374999999708962,-7.687500001338776,27.34374999818101,-48.04687500836735,14.108248873821434,14.90357545015548
1882,1226997,15474,5275.24, Bus,778810.97,1435818.08,1.7199999999720603,-3.1500000001396984,10.749999999825375,-19.687500000873115,-1.9374999996216504,3.812500000640284,-12.109374997635314,23.828125004001777,14.108248873821434,14.90357545015548
1883,1226998,15474,5275.4, Bus,778812.69,1435814.93,1.4100000000325963,-2.540000000037253,8.812500000203727,-15.87500000023283,-11.312500000349246,19.25000000046566,-70.70312500218279,120.31250000291038,14.108248873821434,14.90357545015548
1884,1226999,15474,5275.56, Bus,778814.1,1435812.39,-0.400000000023283,0.5400000000372529,-2.500000000145519,3.37500000023283,0.5000000004656613,-0.1250000001164153,3.125000002910383,-0.7812500007275958,14.108248873821434,14.90357545015548
1885,1227000,15474,5275.72, Bus,778813.7,1435812.93,-0.3199999999487772,0.5200000000186265,-1.9999999996798576,3.2500000001164158,-0.4375000004074536,0.4375000004074536,-2.734375002546585,2.734375002546585,14.108248873821434,14.90357545015548
1886,1227001,15474,5275.88, Bus,778813.38,1435813.45,-0.3900000000139698,0.590000000083819,-2.4375000000873115,3.687500000523869,0.8125000000291038,-1.1875000011059456,5.078125000181899,-7.42187500691216,14.108248873821434,14.90357545015548
1887,1227002,15474,5276.04, Bus,778812.99,1435814.04,-0.2600000000093132,0.3999999999068677,-1.6250000000582077,2.4999999994179234,-0.7499999999708962,2.312500000698492,-4.687499999818101,14.453125004365576,14.108248873821434,14.90357545015548
1888,1227003,15474,5276.2, Bus,778812.73,1435814.44,-0.3800000000046566,0.7700000000186265,-2.375000000029104,4.812500000116415,-3.2500000001164158,6.937500000640284,-20.3125000007276,43.35937500400178,14.108248873821434,14.90357545015548
1889,1227004,15474,5276.36, Bus,778812.35,1435815.21,-0.9000000000232831,1.880000000121072,-5.625000000145519,11.7500000007567,-1.2499999997089617,2.624999998079147,-7.812499998181011,16.40624998799467,14.108248873821434,14.90357545015548
1890,1227005,15474,5276.52, Bus,778811.45,1435817.09,-1.099999999976717,2.2999999998137355,-6.874999999854481,14.374999998835849,3.687499999796273,-8.06249999877764,23.046874998726707,-50.390624992360245,14.108248873821434,14.90357545015548
1891,1227006,15474,5276.68, Bus,778810.35,1435819.39,-0.5100000000093132,1.0100000000093132,-3.187500000058208,6.312500000058208,4.750000000058208,-10.062499999185093,29.6875000003638,-62.89062499490683,14.108248873821434,14.90357545015548
1892,1227007,15474,5276.84, Bus,778809.84,1435820.4,0.25,-0.5999999998603016,1.5625,-3.749999999126885,-0.4999999997380655,1.3124999983119778,-3.124999998362909,8.203124989449861,14.108248873821434,14.90357545015548
1893,1227008,15474,5277.0, Bus,778810.09,1435819.8,0.1700000000419095,-0.3900000001303851,1.0625000002619345,-2.4375000008149077,0.0,-0.1249999986612238,0.0,-0.7812499916326487,14.108248873821434,14.90357545015548
1894,1227009,15474,5277.16, Bus,778810.26,1435819.41,0.1700000000419095,-0.4099999999161809,1.0625000002619345,-2.562499999476131,-0.5000000004656613,0.9374999994179234,-3.125000002910383,5.859374996362021,14.108248873821434,14.90357545015548
1895,1227010,15474,5277.32, Bus,778810.43,1435819.0,0.0899999999674037,-0.2600000000093132,0.5624999997962732,-1.6250000000582077,-0.5624999997962732,1.374999999825377,-3.5156249987267074,8.593749998908606,14.108248873821434,14.90357545015548
1896,1227011,15474,5277.48, Bus,778810.52,1435818.74,0.0,-0.0400000000372529,0.0,-0.2500000002328306,0.0,0.2500000002328306,0.0,1.5625000014551915,14.108248873821434,14.90357545015548
1897,1227012,15474,5277.64, Bus,778810.52,1435818.7,0.0,0.0,0.0,0.0,0.0625000000582076,0.0,0.3906250003637979,0.0,14.108248873821434,14.90357545015548
1898,1227013,15474,5277.8, Bus,778810.52,1435818.7,0.0100000000093132,0.0,0.0625000000582076,0.0,0.0,-0.0625000000582076,0.0,-0.3906250003637979,14.108248873821434,14.90357545015548
1899,1227014,15474,5277.96, Bus,778810.53,1435818.7,0.0100000000093132,-0.0100000000093132,0.0625000000582076,-0.0625000000582076,0.1249999993888195,-0.1250000001164153,0.7812499961801223,-0.7812500007275958,14.108248873821434,14.90357545015548
1900,1227015,15474,5278.12, Bus,778810.54,1435818.69,0.0299999999115243,-0.0300000000279396,0.1874999994470272,-0.1875000001746229,-0.9374999994179234,0.8125000007566996,-5.859374996362021,5.0781250047293724,14.108248873821434,14.90357545015548
1901,1227016,15474,5278.28, Bus,778810.57,1435818.66,-0.1199999999953433,0.1000000000931322,-0.7499999999708962,0.6250000005820766,1.687500000116415,-2.812500001164153,10.546875000727596,-17.578125007275958,14.108248873821434,14.90357545015548
1902,1227017,15474,5278.44, Bus,778810.45,1435818.76,0.150000000023283,-0.3500000000931322,0.9375000001455192,-2.1875000005820766,4.312499999650754,-6.937499999185093,26.953124997817213,-43.35937499490683,14.108248873821434,14.90357545015548
1903,1227018,15474,5278.6, Bus,778810.6,1435818.41,0.8399999999674037,-1.459999999962747,5.249999999796273,-9.12499999976717,7.875000000785803,-11.99999999953434,49.21875000491127,-74.99999999708962,14.108248873821434,14.90357545015548
1904,1227019,15474,5278.76, Bus,778811.44,1435816.95,2.1000000000931323,-3.3799999998882413,13.125000000582077,-21.124999999301508,4.999999998835847,-5.687500000931323,31.24999999272404,-35.546875005820766,14.108248873821434,14.90357545015548
1905,1227020,15474,5278.92, Bus,778813.54,1435813.57,2.899999999906868,-4.290000000037253,18.124999999417923,-26.81250000023283,-0.9374999994179234,4.6875,-5.859374996362021,29.296875,14.108248873821434,14.90357545015548
1906,1227021,15474,5279.08, Bus,778816.44,1435809.28,2.75,-3.540000000037253,17.1875,-22.12500000023283,0.7500000006984919,1.8125000002328304,4.687500004365575,11.328125001455192,14.108248873821434,14.90357545015548
1907,1227022,15474,5279.24, Bus,778819.19,1435805.74,2.8700000001117587,-3.25,17.937500000698492,-20.3125,-6.437500000902219,8.375000000523869,-40.23437500563887,52.34375000327418,14.108248873821434,14.90357545015548
1908,1227023,15474,5279.4, Bus,778822.06,1435802.49,1.839999999967404,-1.909999999916181,11.499999999796271,-11.937499999476133,-8.875000000261934,9.3124999984866,-55.46875000163709,58.203124990541255,14.108248873821434,14.90357545015548
1909,1227024,15474,5279.56, Bus,778823.9,1435800.58,0.4199999999254942,-0.4200000001583248,2.6249999995343387,-2.6250000009895302,-2.6874999988649506,2.687500001047738,-16.79687499290594,16.796875006548362,14.108248873821434,14.90357545015548
1910,1227025,15474,5279.72, Bus,778824.32,1435800.16,-0.0099999998928979,0.0100000000093132,-0.0624999993306119,0.0625000000582076,1.1874999989231585,-1.2499999997089617,7.421874993269739,-7.812499998181011,14.108248873821434,14.90357545015548
1911,1227026,15474,5279.88, Bus,778824.31,1435800.17,0.1799999999348074,-0.1899999999441206,1.1249999995925464,-1.187499999650754,6.625000000349246,-6.312500000058208,41.40625000218279,-39.4531250003638,14.108248873821434,14.90357545015548
1912,1227027,15474,5280.04, Bus,778824.49,1435799.98,1.2399999999906868,-1.199999999953434,7.749999999941792,-7.499999999708962,4.31250000037835,-3.500000000349246,26.953125002364686,-21.875000002182787,14.108248873821434,14.90357545015548
1913,1227028,15474,5280.2, Bus,778825.73,1435798.78,1.9300000000512227,-1.7600000000093132,12.062500000320142,-11.000000000058208,6.5624999995634425,-5.312500000582077,41.01562499727152,-33.20312500363798,14.108248873821434,14.90357545015548
1914,1227029,15474,5280.36, Bus,778827.66,1435797.02,2.979999999981373,-2.610000000102445,18.624999999883585,-16.312500000640284,-0.2500000002328306,0.5000000004656613,-1.5625000014551915,3.125000002910383,14.108248873821434,14.90357545015548
1915,1227030,15474,5280.52, Bus,778830.64,1435794.41,2.9399999999441206,-2.53000000002794,18.374999999650758,-15.812500000174625,-12.499999999272404,10.750000001280569,-78.12499999545253,67.18750000800355,14.108248873821434,14.90357545015548
1916,1227031,15474,5280.68, Bus,778833.58,1435791.88,0.940000000060536,-0.8099999998230487,5.87500000037835,-5.062499998894054,-6.750000000465661,5.812499998137355,-42.18750000291038,36.32812498835847,14.108248873821434,14.90357545015548
1917,1227032,15474,5280.84, Bus,778834.52,1435791.07,-0.1400000000139698,0.119999999878928,-0.8750000000873115,0.7499999992433004,0.3750000003492459,-0.3124999988358468,2.3437500021827877,-1.9531249927240424,14.108248873821434,14.90357545015548
1918,1227033,15474,5281.0, Bus,778834.38,1435791.19,-0.0799999999580904,0.0700000000651925,-0.4999999997380655,0.4375000004074536,14.249999999447027,-11.625000000640284,89.06249999654392,-72.65625000400178,14.108248873821434,14.90357545015548
1919,1227034,15474,5281.16, Bus,778834.3,1435791.26,2.199999999953434,-1.790000000037253,13.749999999708962,-11.18750000023283,15.25000000037835,-11.18750000023283,95.31250000236469,-69.92187500145519,14.108248873821434,14.90357545015548
1920,1227035,15474,5281.32, Bus,778836.5,1435789.47,4.64000000001397,-3.580000000074506,29.00000000008731,-22.37500000046566,12.124999999650754,-7.812499998544808,75.78124999781721,-48.82812499090505,14.108248873821434,14.90357545015548
1921,1227036,15474,5281.48, Bus,778841.14,1435785.89,6.5799999999580905,-4.829999999841675,41.12499999973807,-30.18749999901047,7.187500000145519,-3.9375000007567,44.921875000909495,-24.60937500472937,14.108248873821434,14.90357545015548
1922,1227037,15474,5281.64, Bus,778847.72,1435781.06,7.729999999981373,-5.459999999962747,48.31249999988359,-34.12499999976717,-8.312499999738066,6.437499998719432,-51.95312499836291,40.23437499199645,14.108248873821434,14.90357545015548
1923,1227038,15474,5281.8, Bus,778855.45,1435775.6,6.400000000023283,-4.430000000167638,40.00000000014552,-27.687500001047734,-8.625000000029104,6.375000001571607,-53.9062500001819,39.84375000982254,14.108248873821434,14.90357545015548
1924,1227039,15474,5281.96, Bus,778861.85,1435771.17,5.0200000000186265,-3.409999999916181,31.37500000011641,-21.31249999947613,-6.625000000349246,4.624999999941792,-41.40625000218279,28.9062499996362,14.108248873821434,14.90357545015548
1925,1227040,15474,5282.12, Bus,778866.87,1435767.76,3.959999999962747,-2.669999999925494,24.74999999976717,-16.68749999953434,-9.624999999505237,6.499999998777639,-60.15624999690772,40.624999992360245,14.108248873821434,14.90357545015548
1926,1227041,15474,5282.28, Bus,778870.83,1435765.09,2.420000000041909,-1.630000000121072,15.125000000261934,-10.1875000007567,-7.125000000087312,4.625000001396984,-44.5312500005457,28.90625000873115,14.108248873821434,14.90357545015548
1927,1227042,15474,5282.44, Bus,778873.25,1435763.46,1.2800000000279397,-0.8899999998975545,8.000000000174623,-5.562499999359716,-2.875000000494765,1.9374999988940544,-17.968750003092282,12.10937499308784,14.108248873821434,14.90357545015548
1928,1227043,15474,5282.6, Bus,778874.53,1435762.57,0.8199999999487773,-0.5800000000745058,5.124999999679858,-3.625000000465661,-2.062499999738065,1.437499999883585,-12.89062499836291,8.984374999272404,14.108248873821434,14.90357545015548
1929,1227044,15474,5282.76, Bus,778875.35,1435761.99,0.4899999999906868,-0.3500000000931322,3.0624999999417923,-2.1875000005820766,-1.3124999997671694,0.9375000008731148,-8.203124998544808,5.859375005456968,14.108248873821434,14.90357545015548
1930,1227045,15474,5282.92, Bus,778875.84,1435761.64,0.2800000000279397,-0.1999999999534338,1.750000000174623,-1.2499999997089617,1.2499999997089617,-0.8749999993597157,7.812499998181011,-5.468749995998223,14.108248873821434,14.90357545015548
1931,1227046,15474,5283.08, Bus,778876.12,1435761.44,0.4799999999813735,-0.3399999998509884,2.9999999998835847,-2.124999999068677,0.3750000003492459,-0.3125000017462298,2.3437500021827877,-1.9531250109139364,14.108248873821434,14.90357545015548
1932,1227047,15474,5283.24, Bus,778876.6,1435761.1,0.5400000000372529,-0.3900000001303851,3.37500000023283,-2.4375000008149077,2.6874999995925464,-1.999999998952262,16.796874997453415,-12.499999993451638,14.108248873821434,14.90357545015548
1933,1227048,15474,5283.4, Bus,778877.14,1435760.71,0.9699999999720604,-0.7099999999627471,6.062499999825377,-4.437499999767169,4.624999999941792,-3.500000000349246,28.9062499996362,-21.875000002182787,14.108248873821434,14.90357545015548
1934,1227049,15474,5283.56, Bus,778878.11,1435760.0,1.709999999962747,-1.2700000000186265,10.68749999976717,-7.937500000116415,1.0625000002619345,-0.8749999993597157,6.6406250016370905,-5.468749995998223,14.108248873821434,14.90357545015548
1935,1227050,15474,5283.72, Bus,778879.82,1435758.73,1.8800000000046568,-1.409999999916181,11.750000000029104,-8.812499999476131,-3.187500000058208,2.3124999992433004,-19.9218750003638,14.453124995270628,14.108248873821434,14.90357545015548
1936,1227051,15474,5283.88, Bus,778881.7,1435757.32,1.3699999999953434,-1.040000000037253,8.562499999970896,-6.500000000232831,-2.374999999301508,1.5625,-14.843749995634424,9.765625,14.108248873821434,14.90357545015548
1937,1227052,15474,5284.04, Bus,778883.07,1435756.28,0.990000000107102,-0.7900000000372529,6.187500000669388,-4.937500000232831,-0.4375000011350494,0.1250000001164153,-2.7343750070940587,0.7812500007275958,14.108248873821434,14.90357545015548
1938,1227053,15474,5284.2, Bus,778884.06,1435755.49,0.9199999999254942,-0.7700000000186265,5.749999999534339,-4.812500000116415,0.6250000005820766,-0.6249999991268851,3.906250003637979,-3.906249994543032,14.108248873821434,14.90357545015548
1939,1227054,15474,5284.36, Bus,778884.98,1435754.72,1.0200000000186265,-0.8699999998789281,6.375000000116415,-5.4374999992433,-0.3750000003492459,0.3124999988358468,-2.3437500021827877,1.9531249927240424,14.108248873821434,14.90357545015548
1940,1227055,15474,5284.52, Bus,778886.0,1435753.85,0.9599999999627472,-0.8200000000651926,5.999999999767169,-5.125000000407454,-1.8124999995052349,1.437499999883585,-11.328124996907718,8.984374999272404,14.108248873821434,14.90357545015548
1941,1227056,15474,5284.68, Bus,778886.96,1435753.03,0.6700000000419095,-0.590000000083819,4.187500000261935,-3.687500000523869,-1.4375000006111804,1.1875000011059456,-8.984375003819878,7.42187500691216,14.108248873821434,14.90357545015548
1942,1227057,15474,5284.84, Bus,778887.63,1435752.44,0.4399999999441206,-0.3999999999068677,2.749999999650754,-2.4999999994179234,-0.6249999991268851,0.4374999989522621,-3.906249994543032,2.734374993451638,14.108248873821434,14.90357545015548
1943,1227058,15474,5285.0, Bus,778888.07,1435752.04,0.340000000083819,-0.3300000000745058,2.125000000523869,-2.0625000004656613,-0.312500001018634,0.3750000003492459,-1.953125006366463,2.3437500021827877,14.108248873821434,14.90357545015548
1944,1227059,15474,5285.16, Bus,778888.41,1435751.71,0.2899999999208376,-0.2700000000186264,1.8124999995052349,-1.687500000116415,-0.2499999995052348,0.1875000001746229,-1.562499996907718,1.1718750010913936,14.108248873821434,14.90357545015548
1945,1227060,15474,5285.32, Bus,778888.7,1435751.44,0.25,-0.2399999999906867,1.5625,-1.4999999999417923,0.2500000002328306,-0.3125000002910383,1.5625000014551915,-1.9531250018189892,14.108248873821434,14.90357545015548
1946,1227061,15474,5285.48, Bus,778888.95,1435751.2,0.2900000000372529,-0.2900000000372529,1.8125000002328304,-1.8125000002328304,0.3124999995634425,-0.2499999987776391,1.953124997271516,-1.5624999923602445,14.108248873821434,14.90357545015548
1947,1227062,15474,5285.64, Bus,778889.24,1435750.91,0.3399999999674037,-0.3299999998416751,2.124999999796273,-2.0624999990104698,-0.6249999998544808,0.5624999990686774,-3.906249999090505,3.515624994179234,14.108248873821434,14.90357545015548
1948,1227063,15474,5285.8, Bus,778889.58,1435750.58,0.2399999999906867,-0.2399999999906867,1.4999999999417923,-1.4999999999417923,-0.9374999994179234,0.9374999994179234,-5.859374996362021,5.859374996362021,14.108248873821434,14.90357545015548
1949,1227064,15474,5285.96, Bus,778889.82,1435750.34,0.090000000083819,-0.090000000083819,0.562500000523869,-0.562500000523869,-7.275957614183425e-10,0.0,-4.547473508864641e-09,0.0,14.108248873821434,14.90357545015548
1950,1227065,15474,5286.12, Bus,778889.91,1435750.25,0.0899999999674037,-0.090000000083819,0.5624999997962732,-0.562500000523869,1.5625,-1.6874999986612238,9.765625,-10.546874991632649,14.108248873821434,14.90357545015548
1951,1227066,15474,5286.28, Bus,778890.0,1435750.16,0.3399999999674037,-0.3599999998696148,2.124999999796273,-2.2499999991850927,2.312500000698492,-2.500000000873115,14.453125004365576,-15.625000005456968,14.108248873821434,14.90357545015548
1952,1227067,15474,5286.44, Bus,778890.34,1435749.8,0.7100000000791624,-0.7600000000093132,4.437500000494765,-4.750000000058208,-0.0625000007858034,-0.0625000000582076,-0.3906250049112714,-0.3906250003637979,14.108248873821434,14.90357545015548
1953,1227068,15474,5286.6, Bus,778891.05,1435749.04,0.6999999999534339,-0.7700000000186265,4.374999999708962,-4.812500000116415,-0.7499999999708962,0.7500000006984919,-4.687499999818101,4.687500004365575,14.108248873821434,14.90357545015548
1954,1227069,15474,5286.76, Bus,778891.75,1435748.27,0.5799999999580905,-0.6499999999068677,3.6249999997380655,-4.062499999417923,-0.4374999996798578,0.3749999988940544,-2.734374997999112,2.3437499930878403,14.108248873821434,14.90357545015548
1955,1227070,15474,5286.92, Bus,778892.33,1435747.62,0.5100000000093132,-0.590000000083819,3.187500000058208,-3.687500000523869,-0.6874999999126885,0.6875000006402843,-4.296874999454303,4.296875004001777,14.108248873821434,14.90357545015548
1956,1227071,15474,5287.08, Bus,778892.84,1435747.03,0.400000000023283,-0.4799999999813735,2.500000000145519,-2.9999999998835847,-0.5624999997962732,0.6249999991268851,-3.5156249987267074,3.906249994543032,14.108248873821434,14.90357545015548
1957,1227072,15474,5287.24, Bus,778893.24,1435746.55,0.3100000000558793,-0.3800000001210719,1.937500000349246,-2.3750000007567,-0.2500000009604264,0.4375000018626451,-1.562500006002665,2.734375011641532,14.108248873821434,14.90357545015548
1958,1227073,15474,5287.4, Bus,778893.55,1435746.17,0.2699999999022111,-0.3099999998230487,1.6874999993888196,-1.9374999988940544,-0.4374999989522621,0.4374999989522621,-2.734374993451638,2.734374993451638,14.108248873821434,14.90357545015548
1959,1227074,15474,5287.56, Bus,778893.82,1435745.86,0.2000000000698492,-0.2399999999906867,1.2500000004365577,-1.4999999999417923,-0.2500000002328306,0.2499999987776391,-1.5625000014551915,1.5624999923602445,14.108248873821434,14.90357545015548
1960,1227075,15474,5287.72, Bus,778894.02,1435745.62,0.1600000000325963,-0.2000000001862645,1.0000000002037268,-1.2500000011641532,-0.125000000844011,0.2500000016880221,-0.7812500052750693,1.5625000105501383,14.108248873821434,14.90357545015548
1961,1227076,15474,5287.88, Bus,778894.18,1435745.42,0.1399999998975545,-0.1599999999161809,0.8749999993597157,-0.999999999476131,-0.3124999988358468,0.3124999988358468,-1.9531249927240424,1.9531249927240424,14.108248873821434,14.90357545015548
1962,1227077,15474,5288.04, Bus,778894.32,1435745.26,0.090000000083819,-0.1100000001024454,0.562500000523869,-0.6875000006402843,0.4374999989522621,-0.4999999990104697,2.734374993451638,-3.124999993815436,14.108248873821434,14.90357545015548
1963,1227078,15474,5288.2, Bus,778894.41,1435745.15,0.1599999999161809,-0.1899999999441206,0.999999999476131,-1.187499999650754,0.9375000008731148,-1.187499999650754,5.859375005456968,-7.421874997817213,14.108248873821434,14.90357545015548
1964,1227079,15474,5288.36, Bus,778894.57,1435744.96,0.3100000000558793,-0.3799999998882413,1.937500000349246,-2.374999999301508,0.4374999996798578,-0.4375000018626451,2.734374997999112,-2.734375011641532,14.108248873821434,14.90357545015548
1965,1227080,15474,5288.52, Bus,778894.88,1435744.58,0.3800000000046566,-0.4500000001862645,2.375000000029104,-2.812500001164153,-0.1250000001164153,0.0625000015133991,-0.7812500007275958,0.3906250094587449,14.108248873821434,14.90357545015548
1966,1227081,15474,5288.68, Bus,778895.26,1435744.13,0.3599999999860301,-0.4399999999441206,2.2499999999126885,-2.749999999650754,0.0625000000582076,-0.0625000000582076,0.3906250003637979,-0.3906250003637979,14.108248873821434,14.90357545015548
1967,1227082,15474,5288.84, Bus,778895.62,1435743.69,0.3699999999953434,-0.4499999999534338,2.312499999970896,-2.8124999997089617,-0.5624999997962732,0.6874999991850927,-3.5156249987267074,4.29687499490683,14.108248873821434,14.90357545015548
1968,1227083,15474,5289.0, Bus,778895.99,1435743.24,0.2800000000279397,-0.340000000083819,1.750000000174623,-2.125000000523869,-1.0000000002037268,1.1875000011059456,-6.250000001273293,7.42187500691216,14.108248873821434,14.90357545015548
1969,1227084,15474,5289.16, Bus,778896.27,1435742.9,0.1199999999953433,-0.1499999999068677,0.7499999999708962,-0.9374999994179234,-0.4999999997380655,0.6874999991850927,-3.124999998362909,4.29687499490683,14.108248873821434,14.90357545015548
1970,1227085,15474,5289.32, Bus,778896.39,1435742.75,0.0400000000372529,-0.0400000000372529,0.2500000002328306,-0.2500000002328306,-0.2500000002328306,0.2500000002328306,-1.5625000014551915,1.5625000014551915,14.108248873821434,14.90357545015548
1971,1227086,15474,5289.48, Bus,778896.43,1435742.71,0.0,0.0,0.0,0.0,0.0,0.0,0.0,0.0,14.108248873821434,14.90357545015548
1972,1227087,15474,5289.64, Bus,778896.43,1435742.71,0.0,0.0,0.0,0.0,0.0,0.0,0.0,0.0,14.108248873821434,14.90357545015548
1973,1227088,15474,5289.8, Bus,778896.43,1435742.71,0.0,0.0,0.0,0.0,0.0,0.0,0.0,0.0,14.108248873821434,14.90357545015548
1974,1227089,15474,5289.96, Bus,778896.43,1435742.71,0.0,0.0,0.0,0.0,0.0,0.0,0.0,0.0,14.108248873821434,14.90357545015548
1975,1227090,15474,5290.12, Bus,778896.43,1435742.71,0.0,0.0,0.0,0.0,0.0,0.0,0.0,0.0,14.108248873821434,14.90357545015548
1976,1227091,15474,5290.28, Bus,778896.43,1435742.71,0.0,0.0,0.0,0.0,0.0,0.0,0.0,0.0,14.108248873821434,14.90357545015548
1977,1227092,15474,5290.44, Bus,778896.43,1435742.71,0.0,0.0,0.0,0.0,0.0,0.0,0.0,0.0,14.108248873821434,14.90357545015548
1978,1227093,15474,5290.6, Bus,778896.43,1435742.71,0.0,0.0,0.0,0.0,0.0,0.0,0.0,0.0,14.108248873821434,14.90357545015548
1979,1227094,15474,5290.76, Bus,778896.43,1435742.71,0.0,0.0,0.0,0.0,0.0,0.0,0.0,0.0,14.108248873821434,14.90357545015548
1980,1227095,15474,5290.92, Bus,778896.43,1435742.71,0.0,0.0,0.0,0.0,0.0,0.0,0.0,0.0,14.108248873821434,14.90357545015548
1981,1227096,15474,5291.08, Bus,778896.43,1435742.71,0.0,0.0,0.0,0.0,0.0,0.0,0.0,0.0,14.108248873821434,14.90357545015548
1982,1227097,15474,5291.24, Bus,778896.43,1435742.71,0.0,0.0,0.0,0.0,0.0,0.0,0.0,0.0,14.108248873821434,14.90357545015548
1983,1227098,15474,5291.4, Bus,778896.43,1435742.71,0.0,0.0,0.0,0.0,0.0,0.0,0.0,0.0,14.108248873821434,14.90357545015548
1984,1227099,15474,5291.56, Bus,778896.43,1435742.71,0.0,0.0,0.0,0.0,0.0,0.0,0.0,0.0,14.108248873821434,14.90357545015548
1985,1227100,15474,5291.72, Bus,778896.43,1435742.71,0.0,0.0,0.0,0.0,0.0,0.0,0.0,0.0,14.108248873821434,14.90357545015548
1986,1227101,15474,5291.88, Bus,778896.43,1435742.71,0.0,0.0,0.0,0.0,0.0,0.0,0.0,0.0,14.108248873821434,14.90357545015548
1987,1227102,15474,5292.04, Bus,778896.43,1435742.71,0.0,0.0,0.0,0.0,0.0,0.0,0.0,0.0,14.108248873821434,14.90357545015548
1988,1227103,15474,5292.2, Bus,778896.43,1435742.71,0.0,0.0,0.0,0.0,0.0,0.0,0.0,0.0,14.108248873821434,14.90357545015548
1989,1227104,15474,5292.36, Bus,778896.43,1435742.71,0.0,0.0,0.0,0.0,0.0,0.0,0.0,0.0,14.108248873821434,14.90357545015548
