,Unnamed: 0,Track ID,TimeStamp,Type,X,Y,dx,dy,vx,vy,vy_smooth,dy_smooth,y_smooth,vx_smooth,dx_smooth,x_smooth,speed
1242,1243,292,97.84, Pedestrian,778889.07,1435767.03,,,,,-2.0625000004656613,-0.3300000000745058,1435767.03,-1.374999999825377,-0.2199999999720603,778889.07,2.4788165021720827
1243,1244,292,98.0, Pedestrian,778888.85,1435766.7,-0.2199999999720603,-0.3300000000745058,-1.374999999825377,-2.0625000004656613,-2.0625000004656613,-0.3300000000745058,1435766.7,-1.374999999825377,-0.2199999999720603,778888.85,2.4788165021720827
1244,1245,292,98.16, Pedestrian,778888.7,1435766.32,-0.150000000023283,-0.3799999998882413,-0.9375000001455192,-2.374999999301508,-2.270798668574877,-0.3633277869719803,1435766.336672213,-1.0833818635995058,-0.1733410981759209,778888.6766589019,2.5159973878320643
1245,1246,292,98.32, Pedestrian,778888.72,1435765.86,0.0200000000186264,-0.4599999999627471,0.1250000001164153,-2.8749999997671694,-2.64841507524042,-0.4237464120384671,1435765.9129258008,-0.3281620491118832,-0.0525059278579013,778888.624152974,2.668668720774092
1246,1247,292,98.48, Pedestrian,778888.84,1435765.4,0.1199999999953433,-0.4600000001955777,0.7499999999708962,-2.875000001222361,-2.788681421214122,-0.4461890273942596,1435765.4667367735,0.3392691594602794,0.0542830655136447,778888.6784360395,2.8092432489169927
1247,1248,292,98.64, Pedestrian,778888.89,1435764.99,0.0500000000465661,-0.4099999999161809,0.3125000002910383,-2.562499999476131,-2.648860253335103,-0.4238176405336165,1435765.0429191329,0.3227209608088516,0.0516353537294162,778888.7300713932,2.668447012822982
1248,1249,292,98.8, Pedestrian,778888.74,1435764.69,-0.150000000023283,-0.3000000000465661,-0.9375000001455192,-1.8750000002910383,-2.1705716619769526,-0.3472914659163124,1435764.695627667,-0.456165544660191,-0.0729864871456305,778888.657084906,2.217987453506561
1249,1250,292,98.96, Pedestrian,778888.49,1435764.46,-0.25,-0.2299999999813735,-1.5625,-1.437499999883585,-1.717506157132367,-0.2748009851411788,1435764.420826682,-1.1399213143268805,-0.1823874102923008,778888.4746974957,2.0613704185915527
1250,1251,292,99.12, Pedestrian,778888.28,1435764.23,-0.2099999999627471,-0.2299999999813735,-1.3124999997671694,-1.437499999883585,-1.5444527066374114,-0.2471124330619858,1435764.173714249,-1.2465808867118926,-0.1994529418739028,778888.2752445538,1.9847665026785983
1251,1252,292,99.28, Pedestrian,778888.16,1435763.95,-0.1199999999953433,-0.2800000000279397,-0.7499999999708962,-1.750000000174623,-1.671487934075302,-0.2674380694520483,1435763.9062761797,-0.9396769873568204,-0.1503483179770912,778888.1248962359,1.917515255304977
1252,1253,292,99.44, Pedestrian,778888.11,1435763.6,-0.0500000000465661,-0.3499999998603016,-0.3125000002910383,-2.187499999126885,-1.990400933913368,-0.3184641494261388,1435763.58781203,-0.5520602862733799,-0.0883296458037407,778888.0365665901,2.065542649621027
1253,1254,292,99.6, Pedestrian,778888.1,1435763.21,-0.0100000000093132,-0.3900000001303851,-0.0625000000582076,-2.437500000814908,-2.266723354232889,-0.3626757366772623,1435763.225136293,-0.2494953891538678,-0.0399192622646188,778887.9966473278,2.2804128384645264
1254,1255,292,99.76, Pedestrian,778888.07,1435762.82,-0.0300000000279396,-0.3899999998975545,-0.1875000001746229,-2.437499999359716,-2.372269125441391,-0.3795630600706225,1435762.8455732332,-0.2111801316060571,-0.0337888210569691,778887.9628585067,2.3816502370221397
1255,1256,292,99.92, Pedestrian,778888.0,1435762.45,-0.0699999999487772,-0.3700000001117587,-0.4374999996798578,-2.312500000698492,-2.335329774870637,-0.3736527639793019,1435762.4719204693,-0.3510535024119111,-0.0561685603859057,778887.9066899463,2.361568063586779
1256,1257,292,100.08, Pedestrian,778887.89,1435762.09,-0.1099999999860301,-0.3599999998696148,-0.6874999999126885,-2.2499999991850927,-2.2825930732441893,-0.3652148917190703,1435762.1067055776,-0.5589888732647345,-0.0894382197223575,778887.8172517266,2.350042488649116
1257,1258,292,100.24, Pedestrian,778887.84,1435761.7,-0.0500000000465661,-0.3900000001303851,-0.3125000002910383,-2.437500000814908,-2.378330819575812,-0.3805329311321298,1435761.7261726465,-0.406650371918176,-0.0650640595069081,778887.7521876672,2.412845211016517
1258,1259,292,100.4, Pedestrian,778887.89,1435761.28,0.0500000000465661,-0.4199999999254942,0.3125000002910383,-2.6249999995343387,-2.530780756767269,-0.404924921082763,1435761.3212477255,0.0378090011293238,0.0060494401806918,778887.7582371073,2.531063167799237
1259,1260,292,100.56, Pedestrian,778887.98,1435760.87,0.0899999999674037,-0.4099999999161809,0.5624999997962732,-2.562499999476131,-2.5503843268587536,-0.4080614922974006,1435760.9131862333,0.3620858718966315,0.057933739503461,778887.8161708468,2.575959315151138
1260,1261,292,100.72, Pedestrian,778887.99,1435760.51,0.0100000000093132,-0.3600000001024455,0.0625000000582076,-2.2500000006402843,-2.364736603568003,-0.3783578565708804,1435760.5348283767,0.1769316205512149,0.0283090592881943,778887.8444799061,2.371346453516485
1261,1262,292,100.88, Pedestrian,778887.89,1435760.23,-0.0999999999767169,-0.2800000000279397,-0.6249999998544808,-1.750000000174623,-1.98480848854223,-0.3175693581667568,1435760.2172590184,-0.3186893775127841,-0.0509903004020454,778887.7934896058,2.010230746836984
1262,1263,292,101.04, Pedestrian,778887.74,1435759.99,-0.150000000023283,-0.2399999999906867,-0.9375000001455192,-1.4999999999417923,-1.6851803645526937,-0.269628858328431,1435759.94763016,-0.7011353748992993,-0.1121816599838878,778887.6813079457,1.8252188019547493
1263,1264,292,101.2, Pedestrian,778887.57,1435759.69,-0.1700000000419095,-0.3000000000465661,-1.0625000002619345,-1.8750000002910383,-1.8024953511711148,-0.2883992561873784,1435759.6592309035,-0.92447099570528,-0.1479153593128448,778887.5333925864,2.025743348228939
1264,1265,292,101.36, Pedestrian,778887.45,1435759.35,-0.1199999999953433,-0.3399999998509884,-0.7499999999708962,-2.124999999068677,-2.0018141851016256,-0.3202902696162601,1435759.3389406342,-0.816641990290393,-0.1306627184464628,778887.402729868,2.1619815383068235
1265,1266,292,101.52, Pedestrian,778887.44,1435758.98,-0.0100000000093132,-0.3700000001117587,-0.0625000000582076,-2.312500000698492,-2.1938285789629712,-0.3510125726340754,1435758.9879280615,-0.3505566079834112,-0.0560890572773458,778887.3466408107,2.221660138111931
1266,1267,292,101.68, Pedestrian,778887.49,1435758.6,0.0500000000465661,-0.3799999998882413,0.3125000002910383,-2.374999999301508,-2.305798674522281,-0.3689277879235649,1435758.6190002735,0.0592349123954234,0.0094775859832677,778887.3561183967,2.3065594079223715
1267,1268,292,101.84, Pedestrian,778887.53,1435758.25,0.0400000000372529,-0.3500000000931322,0.2500000002328306,-2.1875000005820766,-2.232686073203193,-0.3572297717125109,1435758.2617705015,0.1771342205458002,0.028341475287328,778887.384459872,2.239701684056129
1268,1269,292,102.0, Pedestrian,778887.44,1435757.93,-0.090000000083819,-0.3200000000651926,-0.562500000523869,-2.0000000004074536,-2.088878171506694,-0.334220507441071,1435757.9275499943,-0.2799848673178089,-0.0447975787708494,778887.3396622932,2.1075586685366843
1269,1270,292,102.16, Pedestrian,778887.3,1435757.66,-0.1399999998975545,-0.2700000000186264,-0.8749999993597157,-1.687500000116415,-1.8408128192452209,-0.2945300510792353,1435757.6330199433,-0.647724442740214,-0.1036359108384342,778887.2360263824,1.9514453077707965
1270,1271,292,102.32, Pedestrian,778887.15,1435757.38,-0.150000000023283,-0.2800000000279397,-0.9375000001455192,-1.750000000174623,-1.7846874104453967,-0.2855499856712635,1435757.3474699575,-0.8268155863256389,-0.1322904938121022,778887.1037358886,1.9669095471813915
1271,1272,292,102.48, Pedestrian,778887.02,1435757.09,-0.1300000000046566,-0.2899999998044222,-0.8125000000291038,-1.8124999987776391,-1.8018765353498312,-0.288300245655973,1435757.0591697118,-0.817968067425498,-0.1308748907880796,778886.9728609978,1.978845827236704
1272,1273,292,102.64, Pedestrian,778886.92,1435756.79,-0.0999999999767169,-0.3000000000465661,-0.6249999998544808,-1.8750000002910383,-1.8470693220586585,-0.2955310915293853,1435756.7636386205,-0.6987072429232231,-0.1117931588677157,778886.8610678389,1.9748055326546976
1273,1274,292,102.8, Pedestrian,778886.83,1435756.52,-0.090000000083819,-0.2700000000186264,-0.562500000523869,-1.687500000116415,-1.7484500575365778,-0.2797520092058524,1435756.483886611,-0.6145265376065264,-0.0983242460170442,778886.7627435928,1.85329988645182
1274,1275,292,102.96, Pedestrian,778886.74,1435756.26,-0.0899999999674037,-0.2600000000093132,-0.5624999997962732,-1.6250000000582077,-1.672153726101817,-0.2675445961762907,1435756.2163420147,-0.5823723689228084,-0.0931795790276493,778886.6695640138,1.770665315580828
1275,1276,292,103.12, Pedestrian,778886.63,1435755.99,-0.1099999999860301,-0.2700000000186264,-0.6874999999126885,-1.687500000116415,-1.681638245043508,-0.2690621192069612,1435755.9472798954,-0.647344818031311,-0.1035751708850097,778886.565988843,1.8019329900484649
1276,1277,292,103.28, Pedestrian,778886.5,1435755.71,-0.1300000000046566,-0.2800000000279397,-0.8125000000291038,-1.750000000174623,-1.7238881332451346,-0.2758221013192215,1435755.671457794,-0.7494163339241218,-0.1199066134278594,778886.4460822296,1.8797380502335068
1277,1278,292,103.44, Pedestrian,778886.37,1435755.45,-0.1300000000046566,-0.2600000000093132,-0.8125000000291038,-1.6250000000582077,-1.6627719058515873,-0.2660435049362539,1435755.405414289,-0.7884041837119504,-0.126144669393912,778886.3199375602,1.840215087369905
1278,1279,292,103.6, Pedestrian,778886.23,1435755.26,-0.1400000000139698,-0.1899999999441206,-0.8750000000873115,-1.187499999650754,-1.3690377139215204,-0.2190460342274432,1435755.186368255,-0.8419233415154683,-0.1347077346424749,778886.1852298256,1.6072022819570766
1279,1280,292,103.76, Pedestrian,778886.1,1435755.1,-0.1300000000046566,-0.1599999999161809,-0.8125000000291038,-0.999999999476131,-1.1409598632636917,-0.1825535781221906,1435755.0038146768,-0.8237387164143002,-0.131798194626288,778886.053431631,1.407243718230279
1280,1281,292,103.92, Pedestrian,778885.98,1435754.94,-0.1199999999953433,-0.1600000001490116,-0.7499999999708962,-1.0000000009313226,-1.0538418772927816,-0.168614700366845,1435754.8351999763,-0.7781656833654857,-0.1245065093384777,778885.9289251217,1.3100093637465526
1281,1282,292,104.08, Pedestrian,778885.88,1435754.79,-0.0999999999767169,-0.1499999999068677,-0.6249999998544808,-0.9374999994179234,-0.9819386424511298,-0.1571101827921807,1435754.6780897935,-0.6835040850455754,-0.109360653607292,778885.8195644681,1.1964034987464542
1282,1283,292,104.24, Pedestrian,778885.8,1435754.62,-0.0799999999580904,-0.1699999999254942,-0.4999999997380655,-1.0624999995343387,-1.03172829930837,-0.1650765278893392,1435754.5130132656,-0.5700923232510741,-0.0912147717201718,778885.7283496964,1.1787572017271195
1283,1284,292,104.4, Pedestrian,778885.76,1435754.44,-0.0400000000372529,-0.180000000167638,-0.2500000002328306,-1.125000001047738,-1.089373381171842,-0.1742997409874947,1435754.3387135246,-0.3722643880878892,-0.0595623020940622,778885.6687873943,1.1512233224896993
1284,1285,292,104.56, Pedestrian,778885.76,1435754.23,0.0,-0.2099999999627471,0.0,-1.3124999997671694,-1.2272732152585886,-0.1963637144413741,1435754.14234981,-0.1421923434483921,-0.0227507749517427,778885.6460366193,1.235482985486445
1285,1286,292,104.72, Pedestrian,778885.81,1435753.98,0.0500000000465661,-0.25,0.3125000002910383,-1.5625,-1.4344547621681254,-0.2295127619469,1435753.912837048,0.1388229794069263,0.0222116767051082,778885.668248296,1.4411565786958158
1286,1287,292,104.88, Pedestrian,778885.89,1435753.71,0.0799999999580904,-0.2700000000186264,0.4999999997380655,-1.687500000116415,-1.5908453199114732,-0.2545352511858357,1435753.6583017968,0.3620426539269821,0.0579268246283171,778885.7261751207,1.631521901522235
1287,1288,292,105.04, Pedestrian,778885.94,1435753.45,0.0499999999301508,-0.2600000000093132,0.3124999995634425,-1.6250000000582077,-1.6119540731170363,-0.2579126516987258,1435753.4003891451,0.3314236096374263,0.0530277775419882,778885.7792028983,1.645672368019742
1288,1289,292,105.2, Pedestrian,778885.93,1435753.23,-0.0099999998928979,-0.2199999999720603,-0.0624999993306119,-1.374999999825377,-1.465508402050057,-0.2344813443280091,1435753.165907801,0.0879654303241558,0.0140744688518649,778885.7932773671,1.468146039538106
1289,1290,292,105.36, Pedestrian,778885.82,1435753.07,-0.1100000001024454,-0.1599999999161809,-0.6875000006402843,-0.999999999476131,-1.1778083872107017,-0.1884493419537122,1435752.9774584589,-0.3912985631124533,-0.0626077700979925,778885.730669597,1.2411072324653276
1290,1291,292,105.52, Pedestrian,778885.59,1435753.0,-0.2299999999813735,-0.0700000000651925,-1.437499999883585,-0.4375000004074536,-0.7202726420096902,-0.1152436227215504,1435752.862214836,-1.037886610115987,-0.1660618576185579,778885.5646077394,1.2633294480402466
1291,1292,292,105.68, Pedestrian,778885.3,1435752.98,-0.2899999999208376,-0.0200000000186264,-1.8124999995052349,-0.1250000001164153,-0.3523739167467017,-0.0563798266794722,1435752.805835009,-1.5166240128992994,-0.2426598420638879,778885.3219478974,1.557021442917915
1292,1293,292,105.84, Pedestrian,778885.01,1435752.92,-0.2900000000372529,-0.0600000000558793,-1.8125000002328304,-0.3750000003492459,-0.3663576054453707,-0.0586172168712593,1435752.7472177926,-1.699485429526355,-0.2719176687242168,778885.0500302287,1.7385248402712126
1293,1294,292,106.0, Pedestrian,778884.77,1435752.75,-0.2399999999906867,-0.1699999999254942,-1.4999999999417923,-1.0624999995343387,-0.7965972660020768,-0.1274555625603323,1435752.61976223,-1.5761966537827214,-0.2521914646052354,778884.797838764,1.76605863311438
1294,1295,292,106.16, Pedestrian,778884.56,1435752.51,-0.2099999999627471,-0.2399999999906867,-1.3124999997671694,-1.4999999999417923,-1.2313240633564202,-0.1970118501370272,1435752.42275038,-1.4132231588814888,-0.2261157054210382,778884.5717230586,1.8743955414478397
1295,1296,292,106.32, Pedestrian,778884.31,1435752.29,-0.25,-0.2199999999720603,-1.5625,-1.374999999825377,-1.320120675459706,-0.211219308073553,1435752.211531072,-1.5054813204259463,-0.2408770112681514,778884.3308460473,2.002296832122461
1296,1297,292,106.48, Pedestrian,778883.94,1435752.1,-0.3700000001117587,-0.1899999999441206,-2.312500000698492,-1.187499999650754,-1.2381565901987928,-0.1981050544318068,1435752.0134260177,-2.004246294390464,-0.3206794071024742,778884.0101666402,2.355851215682053
1297,1298,292,106.64, Pedestrian,778883.47,1435751.98,-0.4699999999720603,-0.1200000001117587,-2.937499999825377,-0.7500000006984919,-0.9364592260553768,-0.1498334761688602,1435751.8635925413,-2.5810288044760226,-0.4129646087161636,778883.5972020314,2.7456630477171013
1298,1299,292,106.8, Pedestrian,778882.89,1435751.9,-0.5799999999580905,-0.0800000000745058,-3.6249999997380655,-0.5000000004656613,-0.6667125899374747,-0.1066740143899959,1435751.756918527,-3.2262384864238185,-0.516198157827811,778883.0810038736,3.2944074503411667
1299,1300,292,106.96, Pedestrian,778882.35,1435751.79,-0.5400000000372529,-0.1099999998696148,-3.37500000023283,-0.6874999991850927,-0.6795599153905565,-0.108729586462489,1435751.6481889405,-3.3181781581756744,-0.530908505308108,778882.5500953683,3.3870500391933587
1300,1301,292,107.12, Pedestrian,778882.04,1435751.54,-0.309999999939464,-0.25,-1.9374999996216504,-1.5625,-1.2252468977089006,-0.1960395036334241,1435751.4521494368,-2.464872128664671,-0.3943795405863474,778882.1557158277,2.7526032353052976
1301,1302,292,107.28, Pedestrian,778881.94,1435751.19,-0.1000000000931322,-0.3500000000931322,-0.6250000005820766,-2.1875000005820766,-1.8199520210645723,-0.2911923233703316,1435751.1609571134,-1.3277686185560278,-0.2124429789689644,778881.9432728487,2.252819314414541
1302,1303,292,107.44, Pedestrian,778881.88,1435750.85,-0.059999999939464,-0.3399999998509884,-0.3749999996216502,-2.124999999068677,-2.00848203967054,-0.3213571263472863,1435750.839599987,-0.7389252286402858,-0.1182280365824457,778881.8250448122,2.1400959317750763
1303,1304,292,107.6, Pedestrian,778881.69,1435750.63,-0.1900000000605359,-0.2200000002048909,-1.1875000003783498,-1.3750000012805683,-1.6169686086829715,-0.2587149773892754,1435750.5808850096,-1.0161596840701352,-0.1625855494512216,778881.6624592628,1.9097560014294133
1304,1305,292,107.76, Pedestrian,778881.41,1435750.48,-0.2799999999115243,-0.1499999999068677,-1.7499999994470272,-0.9374999994179234,-1.19703391386855,-0.191525426218968,1435750.3893595834,-1.4696979412879967,-0.2351516706060794,778881.4273075921,1.8954952465193984
1305,1306,292,107.92, Pedestrian,778881.11,1435750.34,-0.3000000000465661,-0.1399999998975545,-1.8750000002910383,-0.8749999993597157,-0.9980060091719124,-0.159680961467506,1435750.229678622,-1.7201883894621917,-0.2752301423139506,778881.1520774498,1.988734293359416
1306,1307,292,108.08, Pedestrian,778880.8,1435750.22,-0.309999999939464,-0.1200000001117587,-1.9374999996216504,-0.7500000006984919,-0.8447298665211441,-0.135156778643383,1435750.0945218434,-1.854494350690704,-0.2967190961105126,778880.8553583537,2.037821838173437
1307,1308,292,108.24, Pedestrian,778880.37,1435750.12,-0.4300000000512227,-0.0999999998603016,-2.687500000320142,-0.6249999991268851,-0.7089293401279847,-0.1134286944204775,1435749.981093149,-2.369320154982383,-0.3790912247971812,778880.476267129,2.4731071157756275
1308,1309,292,108.4, Pedestrian,778879.72,1435750.06,-0.6500000000232831,-0.0600000000558793,-4.062500000145519,-0.3750000003492459,-0.5025496583039119,-0.0804079453286259,1435749.9006852035,-3.4157628483594857,-0.5465220557375178,778879.9297450732,3.45253414107584
1309,1310,292,108.56, Pedestrian,778878.97,1435750.01,-0.75,-0.0500000000465661,-4.6875,-0.3125000002910383,-0.3850925101016622,-0.0616148016162659,1435749.839070402,-4.201739632829303,-0.6722783412526885,778879.257466732,4.219349734665867
1310,1311,292,108.72, Pedestrian,778878.31,1435749.95,-0.659999999916181,-0.0600000000558793,-4.124999999476131,-0.3750000003492459,-0.3788549960428791,-0.0606167993668606,1435749.7784536025,-4.154311931132837,-0.664689908981254,778878.592776823,4.171551117891197
1311,1312,292,108.88, Pedestrian,778877.75,1435749.85,-0.5600000000558794,-0.0999999998603016,-3.500000000349246,-0.6249999991268851,-0.5309809741097425,-0.0849569558575588,1435749.6934966466,-3.749924918664009,-0.5999879869862416,778877.992788836,3.787331209504102
1312,1313,292,109.04, Pedestrian,778877.21,1435749.72,-0.5400000000372529,-0.1300000001210719,-3.37500000023283,-0.8125000007566996,-0.7049693010573493,-0.1127950881691759,1435749.5807015584,-3.5182085758442585,-0.5629133721350814,778877.4298754638,3.588143433389665
1313,1314,292,109.2, Pedestrian,778876.64,1435749.58,-0.5699999999487773,-0.1399999998975545,-3.562499999679858,-0.8749999993597157,-0.8100540517390908,-0.1296086482782545,1435749.45109291,-3.5455821811847863,-0.5672931489895658,778876.8625823149,3.636941100743039
1314,1315,292,109.36, Pedestrian,778876.02,1435749.43,-0.6199999999953434,-0.1500000001396984,-3.874999999970896,-0.9375000008731148,-0.8888199800324079,-0.1422111968051852,1435749.3088817133,-3.749173589694456,-0.5998677743511129,778876.2627145405,3.853090131643331
1315,1316,292,109.52, Pedestrian,778875.36,1435749.28,-0.6600000000325963,-0.1499999999068677,-4.125000000203727,-0.9374999994179234,-0.9189058865856604,-0.1470249418537056,1435749.1618567714,-3.981447085259056,-0.6370315336414489,778875.6256830068,4.08611171177681
1316,1317,292,109.68, Pedestrian,778874.67,1435749.12,-0.6899999999441206,-0.1599999999161809,-4.312499999650754,-0.999999999476131,-0.9690248046394924,-0.1550439687423187,1435749.0068128027,-4.186049038427835,-0.6697678461484536,778874.9559151607,4.296744770652453
1317,1318,292,109.84, Pedestrian,778874.08,1435748.91,-0.590000000083819,-0.2100000001955777,-3.687500000523869,-1.3125000012223609,-1.1813041504202568,-0.1890086640672411,1435748.8178041386,-3.877928787944624,-0.6204686060711398,778874.3354465546,4.053863734780658
1318,1319,292,110.0, Pedestrian,778873.69,1435748.66,-0.3900000000139698,-0.25,-2.4375000000873115,-1.5625,-1.4168961418309305,-0.2267033826929488,1435748.5911007558,-2.987694838674993,-0.4780311741879988,778873.8574153804,3.3066471123753995
1319,1320,292,110.16, Pedestrian,778873.4,1435748.37,-0.2899999999208376,-0.2899999998044222,-1.8124999995052349,-1.8124999987776391,-1.6613927715045476,-0.2658228434407276,1435748.3252779124,-2.261384484664616,-0.3618215175463385,778873.4955938628,2.806080135828165
1320,1321,292,110.32, Pedestrian,778873.07,1435748.12,-0.3300000000745058,-0.25,-2.0625000004656613,-1.5625,-1.6002736774730602,-0.2560437883956896,1435748.069234124,-2.1384671135946705,-0.3421547381751473,778873.1534391247,2.6709394300019373
1321,1322,292,110.48, Pedestrian,778872.67,1435747.9,-0.3999999999068677,-0.2200000002048909,-2.4999999994179234,-1.3750000012805683,-1.4610468888154622,-0.2337675022104739,1435747.8354666217,-2.361906725084276,-0.3779050760134841,778872.7755340487,2.7772758936259234
1322,1323,292,110.64, Pedestrian,778872.23,1435747.7,-0.4400000000605359,-0.1999999999534338,-2.75000000037835,-1.2499999997089617,-1.3306127381277149,-0.2128980381004344,1435747.6225685836,-2.601761560021284,-0.4162818496034053,778872.3592521991,2.9222753932632903
1323,1324,292,110.8, Pedestrian,778871.75,1435747.48,-0.4799999999813735,-0.2199999999720603,-2.9999999998835847,-1.374999999825377,-1.3580455745244064,-0.217287291923905,1435747.4052812916,-2.8478864514829167,-0.4556618322372667,778871.9035903668,3.1551141061814683
1324,1325,292,110.96, Pedestrian,778871.17,1435747.3,-0.5799999999580905,-0.1799999999348074,-3.6249999997380655,-1.1249999995925464,-1.2140154882887564,-0.194242478126201,1435747.2110388137,-3.3281690374226303,-0.5325070459876209,778871.3710833208,3.542674518984726
1325,1326,292,111.12, Pedestrian,778870.39,1435747.18,-0.7800000000279397,-0.1200000001117587,-4.875000000174623,-0.7500000006984919,-0.927238145651618,-0.1483581033042588,1435747.06268071,-4.284163147254084,-0.6854661035606534,778870.6856172172,4.383357668619054
1326,1327,292,111.28, Pedestrian,778869.42,1435747.11,-0.9699999999720604,-0.0699999998323619,-6.062499999825377,-0.4374999989522621,-0.6245633254040339,-0.0999301320646454,1435746.962750578,-5.383235765589654,-0.8613177224943447,778869.8242994947,5.419345592907263
1327,1328,292,111.44, Pedestrian,778868.5,1435747.01,-0.9200000000419096,-0.1000000000931322,-5.750000000261935,-0.6250000005820766,-0.6248332055061077,-0.0999733128809772,1435746.8627772653,-5.609908528474967,-0.8975853645559947,778868.9267141302,5.644598323402579
1328,1329,292,111.6, Pedestrian,778867.76,1435746.82,-0.7399999999906868,-0.1899999999441206,-4.624999999941792,-1.187499999650754,-0.9725804086284396,-0.1556128653805503,1435746.7071643998,-5.001201582031819,-0.8001922531250911,778868.1265218771,5.09489253226851
1329,1330,292,111.76, Pedestrian,778867.23,1435746.57,-0.5300000000279397,-0.25,-3.312500000174623,-1.5625,-1.337170766725513,-0.2139473226760821,1435746.493217077,-3.957526607588359,-0.6332042572141374,778867.4933176199,4.177324802927721
1330,1331,292,111.92, Pedestrian,778866.85,1435746.32,-0.3800000000046566,-0.25,-2.375000000029104,-1.5625,-1.4764318915480998,-0.2362291026476959,1435746.2569879745,-2.979471376015673,-0.4767154201625077,778867.0166021998,3.32522191904195
1331,1332,292,112.08, Pedestrian,778866.54,1435746.09,-0.309999999939464,-0.2299999999813735,-1.9374999996216504,-1.437499999883585,-1.452370659253101,-0.2323793054804961,1435746.024608669,-2.335497650099657,-0.3736796240159451,778866.6429225757,2.750259952346379
1332,1333,292,112.24, Pedestrian,778866.17,1435745.91,-0.3699999999953434,-0.180000000167638,-2.312499999970896,-1.125000001047738,-1.2500444655627618,-0.2000071144900419,1435745.8246015543,-2.3212843206587044,-0.3714054913053927,778866.2715170844,2.636469621144919
1333,1334,292,112.4, Pedestrian,778865.67,1435745.8,-0.5,-0.1099999998696148,-3.125,-0.6874999991850927,-0.90237286515819,-0.1443796584253104,1435745.6802218962,-2.818007927782837,-0.4508812684452539,778865.820635816,2.95896020061452
1334,1335,292,112.56, Pedestrian,778865.14,1435745.73,-0.5300000000279397,-0.0700000000651925,-3.312500000174623,-0.4375000004074536,-0.615065634294702,-0.0984105014871523,1435745.5818113948,-3.1236208356883344,-0.4997793337101335,778865.3208564823,3.183600612457007
1335,1336,292,112.72, Pedestrian,778864.72,1435745.64,-0.4200000000419095,-0.090000000083819,-2.6250000002619345,-0.562500000523869,-0.5825782859841478,-0.0932125257574636,1435745.488598869,-2.815456211895952,-0.4504729939033522,778864.8703834884,2.8750984575147567
1336,1337,292,112.88, Pedestrian,778864.45,1435745.53,-0.2700000000186264,-0.1099999998696148,-1.687500000116415,-0.6874999991850927,-0.6474234709002004,-0.103587755344032,1435745.3850111137,-2.1183409351946234,-0.3389345496311397,778864.5314489388,2.215067824784084
1337,1338,292,113.04, Pedestrian,778864.3,1435745.4,-0.1499999999068677,-0.1300000001210719,-0.9374999994179234,-0.8125000007566996,-0.7494463770964037,-0.1199114203354246,1435745.265099693,-1.388541101577391,-0.2221665762523825,778864.3092823625,1.5778834757081015
1338,1339,292,113.2, Pedestrian,778864.25,1435745.29,-0.0500000000465661,-0.1099999998696148,-0.3125000002910383,-0.6874999991850927,-0.7111614100672679,-0.1137858256107628,1435745.1513138677,-0.7235111276905568,-0.1157617804304891,778864.193520582,1.014504264683459
1339,1340,292,113.36, Pedestrian,778864.26,1435745.18,0.0100000000093132,-0.1100000001024454,0.0625000000582076,-0.6875000006402843,-0.6965378548196648,-0.1114460567711463,1435745.039867811,-0.2377295352061847,-0.0380367256329895,778864.1554838564,0.7359893444243123
1340,1341,292,113.52, Pedestrian,778864.31,1435745.07,0.0500000000465661,-0.1099999998696148,0.3125000002910383,-0.6874999991850927,-0.6909521528520846,-0.1105523444563335,1435744.9293154664,0.1023310193451659,0.0163729630952265,778864.1718568195,0.6984887365241842
1341,1342,292,113.68, Pedestrian,778864.36,1435744.97,0.0499999999301508,-0.1000000000931322,0.3124999995634425,-0.6250000005820766,-0.6501914811180111,-0.1040306369788817,1435744.8252848294,0.2322225925009651,0.0371556148001544,778864.2090124344,0.6904174784768287
1342,1343,292,113.84, Pedestrian,778864.42,1435744.87,0.0600000000558793,-0.0999999998603016,0.3750000003492459,-0.6249999991268851,-0.6346222890205143,-0.1015395662432823,1435744.7237452632,0.3204638833768086,0.0512742213402893,778864.2602866557,0.7109448292733987
1343,1344,292,114.0, Pedestrian,778864.46,1435744.8,0.0399999999208375,-0.0700000000651925,0.2499999995052348,-0.4375000004074536,-0.5127940147174764,-0.0820470423547962,1435744.6416982207,0.2769148081648505,0.044306369306376,778864.304593025,0.5827859920339913
1344,1345,292,114.16, Pedestrian,778864.52,1435744.73,0.0600000000558793,-0.0700000000651925,0.3750000003492459,-0.4375000004074536,-0.4662597547244613,-0.0746015607559138,1435744.56709666,0.3375347907278724,0.0540055665164595,778864.3585985915,0.575610887516405
1345,1346,292,114.32, Pedestrian,778864.64,1435744.61,0.1199999999953433,-0.119999999878928,0.7499999999708962,-0.7499999992433004,-0.6416208698133099,-0.1026593391701296,1435744.4644373208,0.5924523092168984,0.0947923694747037,778864.453390961,0.8733138492411671
1346,1347,292,114.48, Pedestrian,778864.78,1435744.46,0.1400000000139698,-0.1500000001396984,0.8750000000873115,-0.9375000008731148,-0.8244842293700541,-0.1319174766992086,1435744.3325198442,0.767076385617612,0.1227322216988179,778864.5761231828,1.126135172105068
1347,1348,292,114.64, Pedestrian,778864.95,1435744.26,0.1699999999254942,-0.1999999999534338,1.0624999995343387,-1.2499999997089617,-1.0874674381885934,-0.1739947901101749,1435744.158525054,0.9496582200974756,0.1519453152155961,778864.728068498,1.4437576542201145
1348,1349,292,114.8, Pedestrian,778865.13,1435744.0,0.1800000000512227,-0.2600000000093132,1.125000000320142,-1.6250000000582077,-1.4196808314838207,-0.2271489330374113,1435743.931376121,1.0580253999229976,0.1692840639876796,778864.8973525619,1.7705681037917778
1349,1350,292,114.96, Pedestrian,778865.29,1435743.69,0.1600000000325963,-0.3100000000558793,1.0000000002037268,-1.937500000349246,-1.739710677868875,-0.2783537084590199,1435743.6530224124,1.0221637306856897,0.1635461969097103,778865.0608987588,2.017774004942146
1350,1351,292,115.12, Pedestrian,778865.36,1435743.38,0.0699999999487772,-0.3100000000558793,0.4374999996798578,-1.937500000349246,-1.8619512017735576,-0.2979121922837692,1435743.35511022,0.6608216729347598,0.1057314676695615,778865.1666302265,1.9757397503735885
1351,1352,292,115.28, Pedestrian,778865.38,1435743.05,0.0200000000186264,-0.3299999998416751,0.1250000001164153,-2.0624999990104698,-1.9858971748688805,-0.3177435479790209,1435743.0373666722,0.3296656672241972,0.0527465067558715,778865.2193767333,2.013074027774085
1352,1353,292,115.44, Pedestrian,778865.37,1435742.71,-0.0100000000093132,-0.340000000083819,-0.0625000000582076,-2.125000000523869,-2.0718674490548143,-0.3314987918487703,1435742.7058678805,0.0872939556228884,0.0139670328996621,778865.2333437662,2.0737056110116487
1353,1354,292,115.6, Pedestrian,778865.4,1435742.37,0.0300000000279396,-0.3399999998509884,0.1875000001746229,-2.124999999068677,-2.104705170872335,-0.3367528273395736,1435742.369115053,0.1492246970340465,0.0238759515254474,778865.2572197177,2.109988593926908
1354,1355,292,115.76, Pedestrian,778865.44,1435742.02,0.0399999999208375,-0.3500000000931322,0.2499999995052348,-2.1875000005820766,-2.155875189725715,-0.3449400303561144,1435742.0241750227,0.2115072591877921,0.0338411614700467,778865.2910608792,2.166225554822032
1355,1356,292,115.92, Pedestrian,778865.49,1435741.7,0.0500000000465661,-0.3200000000651926,0.3125000002910383,-2.0000000004074536,-2.059539024724205,-0.3295262439558727,1435741.6946487788,0.2739242058066168,0.0438278729290587,778865.3348887522,2.0776754955691987
1356,1357,292,116.08, Pedestrian,778865.54,1435741.39,0.0500000000465661,-0.3100000000558793,0.3125000002910383,-1.937500000349246,-1.984114759706604,-0.3174583615530565,1435741.3771904171,0.29776535794102,0.0476424572705632,778865.3825312095,2.006333867549301
1357,1358,292,116.24, Pedestrian,778865.59,1435741.1,0.0499999999301508,-0.2899999998044222,0.3124999995634425,-1.8124999987776391,-1.878051004481316,-0.3004881607170105,1435741.0767022565,0.306871867275726,0.0490994987641161,778865.4316307083,1.9029571509517944
1358,1359,292,116.4, Pedestrian,778865.64,1435740.81,0.0500000000465661,-0.2900000000372529,0.3125000002910383,-1.8125000002328304,-1.8375382558590632,-0.2940061209374501,1435740.7826961356,0.3103502447723944,0.0496560391635831,778865.4812867475,1.863562211512096
1359,1360,292,116.56, Pedestrian,778865.71,1435740.53,0.0699999999487772,-0.2800000000279397,0.4374999996798578,-1.750000000174623,-1.7834366385302003,-0.2853498621648321,1435740.4973462734,0.3889331149664256,0.062229298394628,778865.5435160459,1.825353448395512
1360,1361,292,116.72, Pedestrian,778865.77,1435740.27,0.0600000000558793,-0.2600000000093132,0.3750000003492459,-1.6250000000582077,-1.6855174108912296,-0.2696827857425967,1435740.2276634877,0.3803219765638606,0.0608515162502176,778865.6043675621,1.7278928636564583
1361,1362,292,116.88, Pedestrian,778865.83,1435740.02,0.059999999939464,-0.25,0.3749999996216502,-1.5625,-1.6094884697524383,-0.2575181551603901,1435739.9701453324,0.3770328139262313,0.060325250228197,778865.6646928124,1.6530598528314628
1362,1363,292,117.04, Pedestrian,778865.89,1435739.77,0.0600000000558793,-0.25,0.3750000003492459,-1.5625,-1.580447998366085,-0.2528716797385736,1435739.7172736526,0.3757764660428621,0.0601242345668579,778865.7248170469,1.6245072569770278
1363,1364,292,117.2, Pedestrian,778865.94,1435739.5,0.0499999999301508,-0.2700000000186264,0.3124999995634425,-1.687500000116415,-1.6466097740115022,-0.2634575638418404,1435739.4538160886,0.3366694590705874,0.0538671134512939,778865.7786841603,1.680675481031687
1364,1365,292,117.36, Pedestrian,778866.01,1435739.24,0.0700000000651925,-0.2600000000093132,0.4375000004074536,-1.6250000000582077,-1.633254199219164,-0.2613206718750662,1435739.1924954168,0.398986160720822,0.0638377857153315,778865.8425219461,1.681282021468669
1365,1366,292,117.52, Pedestrian,778866.1,1435738.98,0.0899999999674037,-0.2600000000093132,0.5624999997962732,-1.6250000000582077,-1.6281528235877822,-0.2605044517740452,1435738.931990965,0.5000432709004315,0.080006923344069,778865.9225288694,1.7032101719193875
1366,1367,292,117.68, Pedestrian,778866.17,1435738.73,0.0700000000651925,-0.25,0.4375000004074536,-1.5625,-1.587577147153132,-0.2540123435445011,1435738.6779786216,0.4613894039681928,0.0738223046349108,778865.996351174,1.6532638568168727
1367,1368,292,117.84, Pedestrian,778866.12,1435738.49,-0.0500000000465661,-0.2399999999906867,-0.3125000002910383,-1.4999999999417923,-1.533451493538771,-0.2453522389662033,1435738.432626383,-0.0169005513974196,-0.0027040882235871,778865.9936470857,1.5335446233070054
1368,1369,292,118.0, Pedestrian,778865.87,1435738.28,-0.25,-0.2099999999627471,-1.5625,-1.3124999997671694,-1.3968959605228606,-0.2235033536836577,1435738.209123029,-0.9721335436269104,-0.1555413669803056,778865.8381057187,1.7018701334619215
1369,1370,292,118.16, Pedestrian,778865.53,1435738.08,-0.3399999999674037,-0.1999999999534338,-2.124999999796273,-1.2499999997089617,-1.3061092639297984,-0.2089774822287677,1435738.0001455466,-1.6846441980292175,-0.2695430716846748,778865.5685626471,2.131653696845889
1370,1371,292,118.32, Pedestrian,778865.21,1435737.87,-0.3200000000651926,-0.2099999999627471,-2.0000000004074536,-1.3124999997671694,-1.3100589558904157,-0.2096094329424665,1435737.7905361138,-1.8795448024484624,-0.300727168391754,778865.2678354786,2.291057208434507
1371,1372,292,118.48, Pedestrian,778864.94,1435737.64,-0.2700000000186264,-0.2300000002142042,-1.687500000116415,-1.4375000013387762,-1.3888218535393226,-0.2222114965662916,1435737.568324617,-1.760854587244502,-0.2817367339591203,778864.9860987447,2.242640189216363
1372,1373,292,118.64, Pedestrian,778864.62,1435737.42,-0.3199999999487772,-0.2199999999720603,-1.9999999996798576,-1.374999999825377,-1.3802794781565753,-0.220844716505052,1435737.3474799006,-1.908654580383164,-0.3053847328613062,778864.6807140118,2.3554476740182158
1373,1374,292,118.8, Pedestrian,778864.2,1435737.22,-0.4200000000419095,-0.1999999999534338,-2.6250000002619345,-1.2499999997089617,-1.2997623324393406,-0.2079619731902945,1435737.1395179273,-2.3513803975535588,-0.3762208636085694,778864.3044931481,2.686702792425557
1374,1375,292,118.96, Pedestrian,778863.64,1435737.01,-0.559999999939464,-0.2099999999627471,-3.49999999962165,-1.3124999997671694,-1.307634643785328,-0.2092215430056524,1435736.9302963845,-3.0612663517760184,-0.4898026162841629,778863.8146905318,3.328852660924426
1375,1376,292,119.12, Pedestrian,778862.93,1435736.76,-0.7099999999627471,-0.25,-4.437499999767169,-1.5625,-1.4651500964808446,-0.2344240154369351,1435736.6958723688,-3.911825522695808,-0.6258920836313293,778863.1887984482,4.177205252945103
1376,1377,292,119.28, Pedestrian,778862.25,1435736.45,-0.6800000000512227,-0.3100000000558793,-4.250000000320142,-1.937500000349246,-1.757078391654262,-0.2811325426646819,1435736.414739826,-4.120828843995388,-0.6593326150392621,778862.5294658331,4.479794061775908
1377,1378,292,119.44, Pedestrian,778862.0,1435736.04,-0.25,-0.4099999999161809,-1.5625,-2.562499999476131,-2.2548563205617653,-0.3607770112898824,1435736.0539628146,-2.5396946640070106,-0.4063511462411217,778862.1231146868,3.3962370371873374
1378,1379,292,119.6, Pedestrian,778862.43,1435735.53,0.4300000000512227,-0.5100000000093132,2.687500000320142,-3.187500000058208,-2.8312618138833305,-0.4530018902213329,1435735.6009609243,0.6908893043592674,0.1105422886974828,778862.2336569756,2.914338945564149
1379,1380,292,119.76, Pedestrian,778863.14,1435734.99,0.7099999999627471,-0.5400000000372529,4.437499999767169,-3.37500000023283,-3.1673104940285457,-0.5067696790445673,1435735.0941912453,3.0064220567352304,0.4810275290776369,778862.7146845047,4.366970271115599
1380,1381,292,119.92, Pedestrian,778863.67,1435734.5,0.5300000000279397,-0.4899999999906868,3.312500000174623,-3.0624999999417923,-3.102534046305262,-0.4964054474088419,1435734.597785798,3.195588628987443,0.5112941806379909,778863.2259786853,4.453931318980699
1381,1382,292,120.08, Pedestrian,778863.93,1435734.03,0.2600000000093132,-0.4699999999720603,1.6250000000582077,-2.937499999825377,-3.0005373962797632,-0.4800859834047621,1435734.1176998145,2.22491147396508,0.3559858358344127,778863.5819645211,3.73543246940094
1382,1383,292,120.24, Pedestrian,778864.1,1435733.59,0.1699999999254942,-0.4399999999441206,1.0624999995343387,-2.749999999650754,-2.845696769710122,-0.4553114831536195,1435733.6623883313,1.5065016738540022,0.2410402678166403,778863.823004789,3.219866052876041
1383,1384,292,120.4, Pedestrian,778864.33,1435733.18,0.2299999999813735,-0.4100000001490116,1.437499999883585,-2.5625000009313226,-2.670671541100679,-0.4273074465761086,1435733.2350808848,1.4638562940596451,0.2342170070495432,778864.057221796,3.045547853852097
1384,1385,292,120.56, Pedestrian,778864.63,1435732.81,0.3000000000465661,-0.369999999878928,1.8750000002910383,-2.3124999992433004,-2.449309354429863,-0.3918894967087781,1435732.843191388,1.717957078771248,0.2748731326033997,778864.3320949286,2.9917374280170166
1385,1386,292,120.72, Pedestrian,778864.95,1435732.45,0.3199999999487772,-0.3600000001024455,1.9999999996798576,-2.2500000006402843,-2.326129399512126,-0.3721807039219401,1435732.471010684,1.8922691901790671,0.3027630704286507,778864.634857999,2.998593115341857
1386,1387,292,120.88, Pedestrian,778865.22,1435732.12,0.2700000000186264,-0.3299999998416751,1.687500000116415,-2.0624999990104698,-2.163197469568344,-0.346111595130935,1435732.1248990889,1.7657148708715609,0.2825143793394497,778864.9173723784,2.792341722920721
1387,1388,292,121.04, Pedestrian,778865.4,1435731.82,0.1800000000512227,-0.3000000000465661,1.125000000320142,-1.8750000002910383,-1.9850816380832648,-0.3176130620933224,1435731.807286027,1.3697313037732948,0.2191570086037271,778865.136529387,2.411786258023673
1388,1389,292,121.2, Pedestrian,778865.44,1435731.57,0.0399999999208375,-0.25,0.2499999995052348,-1.5625,-1.7239118227262005,-0.2758258916361921,1435731.5314601352,0.6776992994683835,0.1084318879149413,778865.2449612749,1.8523359071818235
1389,1390,292,121.36, Pedestrian,778865.45,1435731.33,0.0100000000093132,-0.2399999999906867,0.0625000000582076,-1.4999999999417923,-1.585526705762493,-0.2536842729219989,1435731.2777758625,0.2974852225777716,0.0475976356124434,778865.2925589106,1.6131932284565942
1390,1391,292,121.52, Pedestrian,778865.59,1435731.07,0.1400000000139698,-0.2600000000093132,0.8750000000873115,-1.6250000000582077,-1.609922543285172,-0.2575876069256275,1435731.0201882552,0.6544089840840006,0.1047054374534401,778865.397264348,1.737843984317249
1391,1392,292,121.68, Pedestrian,778865.86,1435730.79,0.2700000000186264,-0.2800000000279397,1.687500000116415,-1.750000000174623,-1.6964951727005009,-0.2714392276320801,1435730.7487490275,1.2928943454641957,0.2068630952742712,778865.6041274433,2.132995935188202
1392,1393,292,121.84, Pedestrian,778866.12,1435730.52,0.2600000000093132,-0.2700000000186264,1.6250000000582077,-1.687500000116415,-1.6909358503088647,-0.2705497360494183,1435730.4781992915,1.4981469278593278,0.2397035084574924,778865.8438309517,2.2591388331207325
1393,1394,292,122.0, Pedestrian,778866.35,1435730.22,0.2299999999813735,-0.3000000000465661,1.437499999883585,-1.8750000002910383,-1.8046937511082064,-0.288751000177313,1435730.1894482914,1.4606650650570518,0.2337064104091283,778866.0775373621,2.321736842875852
1394,1395,292,122.16, Pedestrian,778866.51,1435729.95,0.1600000000325963,-0.2700000000186264,1.0000000002037268,-1.687500000116415,-1.7322640297261878,-0.27716224475619,1435729.912286047,1.1759583975480223,0.1881533436076835,778866.2656907057,2.093708867404187
1395,1396,292,122.32, Pedestrian,778866.58,1435729.82,0.0699999999487772,-0.1299999998882413,0.4374999996798578,-0.8124999993015081,-1.1638185972941433,-0.1862109755670629,1435729.7260750711,0.7195660083877038,0.1151305613420326,778866.380821267,1.3683014901090769
1396,1397,292,122.48, Pedestrian,778866.57,1435729.86,-0.0100000000093132,0.0400000000372529,-0.0625000000582076,0.2500000002328306,-0.2900306500957653,-0.0464049040153224,1435729.6796701672,0.2362226337221681,0.0377956213955469,778866.4186168885,0.3740573628170013
1397,1398,292,122.64, Pedestrian,778866.56,1435729.87,-0.0099999998928979,0.0100000000093132,-0.0624999993306119,0.0625000000582076,-0.0721547262245116,-0.0115447561959218,1435729.668125411,0.0516018932866872,0.0082563029258699,778866.4268731914,0.0887077218020217
